time,temperature0,temperature1,temperature2,temperature3,temperature4,temperature5
0,19.4375,20.3125,19.75,18.9375,18.4375,18.0
10,30.5,20.4375,19.8125,19.0,18.4375,18.0
20,31.0625,20.5625,19.875,19.0,18.4375,18.0
30,32.5,20.75,19.9375,19.0625,18.5,18.0
40,34.8125,21.0,20.0625,19.0625,18.5,18.0
50,37.5,21.25,20.125,19.0625,18.5,18.0
60,40.1875,21.5,20.1875,19.125,18.5,18.0
70,42.625,21.75,20.25,19.125,18.4375,17.9375
80,45.25,21.9375,20.3125,19.125,18.5,17.9375
89,47.625,22.1875,20.375,19.125,18.4375,17.875
99,49.8125,22.375,20.4375,19.125,18.4375,17.8125
109,51.625,22.625,20.5,19.1875,18.4375,17.75
119,53.375,22.875,20.5625,19.1875,18.4375,17.6875
129,55.25,23.125,20.625,19.1875,18.4375,17.625
138,56.75,23.3125,20.6875,19.25,18.4375,17.5625
148,58.1875,23.5625,20.75,19.25,18.4375,17.4375
158,59.625,23.75,20.8125,19.25,18.4375,17.375
168,60.8125,23.9375,20.875,19.25,18.4375,17.25
177,62.0,24.125,20.9375,19.3125,18.4375,17.125
187,63.0625,24.3125,21.0,19.3125,18.4375,17.0625
197,64.125,24.5,21.0625,19.3125,18.4375,16.9375
206,65.0625,24.6875,21.125,19.375,18.4375,16.8125
216,65.8125,24.875,21.1875,19.375,18.4375,16.6875
226,66.5,25.0625,21.25,19.375,18.4375,16.5625
236,67.125,25.25,21.3125,19.375,18.4375,16.4375
245,67.8125,25.4375,21.375,19.4375,18.5,16.3125
255,68.4375,25.6875,21.4375,19.4375,18.5,16.1875
265,69.0625,25.875,21.5,19.4375,18.5,16.0625
274,69.75,26.0625,21.5625,19.5,18.5,15.875
284,70.4375,26.25,21.625,19.5,18.5,15.75
294,70.9375,26.375,21.6875,19.5,18.5,15.625
304,71.4375,26.625,21.75,19.5,18.5,15.5
313,71.875,26.8125,21.75,19.5625,18.5,15.375
323,72.3125,26.9375,21.8125,19.5625,18.5,15.25
333,72.75,27.125,21.875,19.5625,18.5,15.125
342,73.25,27.3125,21.9375,19.625,18.5,15.0
352,73.75,27.4375,21.9375,19.625,18.5,14.875
362,74.25,27.625,22.0,19.625,18.5625,14.75
371,74.75,27.8125,22.0625,19.625,18.5625,14.6875
381,75.1875,28.0,22.125,19.6875,18.5625,14.5625
391,75.625,28.1875,22.125,19.6875,18.5625,14.4375
400,76.0625,28.3125,22.1875,19.6875,18.5625,14.3125
410,76.4375,28.5,22.25,19.75,18.5625,14.1875
420,76.875,28.6875,22.3125,19.75,18.5625,14.125
429,77.25,28.8125,22.375,19.75,18.5625,14.0
439,77.625,29.0,22.375,19.75,18.5625,13.875
449,78.0,29.1875,22.4375,19.8125,18.5625,13.8125
458,78.3125,29.375,22.5,19.8125,18.5625,13.6875
468,78.4375,29.625,22.5625,19.8125,18.5625,13.5625
477,78.5625,29.8125,22.625,19.875,18.5625,13.5
487,78.6875,30.0,22.625,19.875,18.5625,13.375
497,78.8125,30.1875,22.6875,19.875,18.625,13.3125
506,78.9375,30.4375,22.75,19.9375,18.625,13.1875
516,79.0625,30.625,22.8125,19.9375,18.625,13.125
526,79.1875,30.875,22.875,19.9375,18.625,13.0
535,79.4375,31.0625,22.9375,19.9375,18.625,12.9375
545,79.75,31.25,23.0,20.0,18.625,12.875
555,80.0625,31.5,23.0625,20.0,18.625,12.75
564,80.3125,31.625,23.125,20.0,18.625,12.6875
574,80.5625,31.8125,23.1875,20.0625,18.625,12.625
583,80.8125,32.0,23.1875,20.0625,18.625,12.5
593,81.0,32.1875,23.25,20.0625,18.625,12.4375
603,81.125,32.3125,23.3125,20.125,18.625,12.375
612,81.1875,32.5,23.375,20.125,18.625,12.3125
622,81.25,32.6875,23.4375,20.125,18.625,12.25
632,81.3125,32.8125,23.4375,20.125,18.625,12.125
641,81.375,33.0,23.5,20.1875,18.625,12.125
651,81.5,33.1875,23.5625,20.1875,18.625,12.0
660,81.5625,33.375,23.625,20.1875,18.625,11.9375
670,81.75,33.5,23.6875,20.25,18.625,11.875
680,81.875,33.6875,23.6875,20.25,18.625,11.8125
689,82.0,33.875,23.75,20.25,18.625,11.75
699,82.1875,34.0625,23.8125,20.3125,18.625,11.6875
709,82.25,34.25,23.875,20.3125,18.625,11.625
718,82.375,34.375,23.9375,20.3125,18.625,11.5625
728,82.5,34.5625,24.0,20.3125,18.625,11.5
737,82.625,34.6875,24.0,20.375,18.625,11.4375
747,82.8125,34.875,24.0625,20.375,18.625,11.375
757,83.0,35.0,24.125,20.375,18.625,11.3125
766,83.25,35.1875,24.1875,20.4375,18.625,11.3125
776,83.375,35.3125,24.25,20.4375,18.625,11.25
785,83.4375,35.4375,24.25,20.4375,18.625,11.1875
795,83.5,35.5625,24.3125,20.4375,18.625,11.125
805,83.5,35.6875,24.375,20.5,18.625,11.0625
814,83.5,35.8125,24.4375,20.5,18.5625,11.0
824,83.5,35.9375,24.5,20.5,18.625,11.0
833,83.5,36.125,24.5,20.5625,18.625,10.9375
843,83.5,36.25,24.5625,20.5625,18.5625,10.875
853,83.625,36.4375,24.625,20.5625,18.5625,10.8125
862,83.8125,36.5625,24.6875,20.5625,18.5625,10.8125
872,84.0,36.6875,24.75,20.625,18.5625,10.75
882,84.125,36.8125,24.8125,20.625,18.5625,10.6875
891,84.1875,36.9375,24.875,20.625,18.5625,10.6875
901,84.1875,37.0625,24.875,20.625,18.5625,10.625
910,84.25,37.1875,24.9375,20.6875,18.5625,10.5625
920,84.25,37.3125,25.0,20.6875,18.5625,10.5625
930,84.3125,37.4375,25.0625,20.6875,18.5625,10.5
939,84.3125,37.5625,25.125,20.75,18.5625,10.4375
949,84.3125,37.6875,25.1875,20.75,18.5,10.4375
958,84.375,37.8125,25.1875,20.75,18.5,10.375
968,84.4375,37.9375,25.25,20.75,18.5,10.375
978,84.5625,38.0,25.3125,20.8125,18.5,10.3125
987,84.6875,38.125,25.375,20.8125,18.5,10.25
997,84.8125,38.25,25.4375,20.8125,18.5,10.25
1006,84.875,38.375,25.5,20.875,18.5,10.1875
1016,84.875,38.5,25.5,20.875,18.5,10.1875
1026,84.8125,38.5625,25.5625,20.875,18.5,10.125
1035,84.75,38.6875,25.625,20.875,18.5,10.125
1045,84.6875,38.8125,25.6875,20.9375,18.4375,10.0625
1054,84.6875,38.9375,25.75,20.9375,18.4375,10.0625
1064,84.8125,39.0625,25.75,20.9375,18.4375,10.0
1073,84.9375,39.1875,25.8125,20.9375,18.4375,10.0
1083,85.0,39.3125,25.875,21.0,18.4375,9.9375
1093,85.0,39.4375,25.9375,21.0,18.4375,9.9375
1102,84.9375,39.5625,26.0,21.0,18.4375,9.875
1112,84.875,39.6875,26.0,21.0625,18.4375,9.875
1121,84.75,39.8125,26.0625,21.0625,18.4375,9.8125
1131,84.75,39.9375,26.125,21.0625,18.4375,9.8125
1141,84.75,40.0625,26.1875,21.0625,18.375,9.75
1150,84.75,40.1875,26.25,21.125,18.375,9.75
1160,84.75,40.3125,26.3125,21.125,18.375,9.6875
1169,84.75,40.4375,26.3125,21.125,18.375,9.6875
1179,84.8125,40.5625,26.375,21.125,18.375,9.6875
1189,84.9375,40.6875,26.4375,21.125,18.375,9.625
1198,85.0625,40.8125,26.5,21.1875,18.375,9.625
1208,85.25,40.9375,26.5625,21.1875,18.375,9.5625
1217,85.5625,41.0625,26.5625,21.1875,18.375,9.5625
1227,85.8125,41.125,26.625,21.25,18.375,9.5
1236,85.9375,41.25,26.6875,21.25,18.3125,9.5
1246,85.9375,41.375,26.75,21.25,18.375,9.5
1256,85.875,41.4375,26.8125,21.25,18.3125,9.4375
1265,85.8125,41.5625,26.875,21.3125,18.3125,9.4375
1275,85.625,41.625,26.875,21.3125,18.3125,9.375
1284,85.5,41.75,26.9375,21.3125,18.3125,9.375
1294,85.375,41.8125,27.0,21.3125,18.3125,9.375
1304,85.3125,41.9375,27.0,21.375,18.3125,9.3125
1313,85.25,42.0,27.0625,21.375,18.3125,9.3125
1323,85.1875,42.125,27.125,21.375,18.3125,9.3125
1332,85.125,42.1875,27.1875,21.375,18.3125,9.25
1342,85.125,42.3125,27.1875,21.4375,18.25,9.25
1351,85.125,42.4375,27.25,21.4375,18.25,9.25
1361,85.1875,42.5,27.3125,21.4375,18.25,9.1875
1371,85.25,42.625,27.375,21.4375,18.25,9.1875
1380,85.375,42.6875,27.375,21.5,18.25,9.1875
1390,85.5625,42.75,27.4375,21.5,18.25,9.125
1399,85.75,42.875,27.5,21.5,18.25,9.125
1409,85.9375,42.9375,27.5,21.5,18.1875,9.0625
1419,86.1875,43.0,27.5625,21.5,18.1875,9.0625
1428,86.4375,43.0625,27.625,21.5,18.1875,9.0625
1438,86.6875,43.125,27.625,21.5625,18.1875,9.0625
1447,86.875,43.1875,27.6875,21.5625,18.1875,9.0
1457,87.0,43.25,27.75,21.5625,18.1875,9.0
1466,87.0625,43.25,27.75,21.5625,18.1875,9.0
1476,87.25,43.375,27.8125,21.625,18.1875,8.9375
1486,87.4375,43.375,27.8125,21.625,18.125,8.9375
1495,87.5625,43.5,27.875,21.625,18.125,8.9375
1505,87.625,43.5625,27.9375,21.625,18.125,8.875
1514,87.625,43.625,27.9375,21.625,18.125,8.875
1524,87.625,43.6875,28.0,21.625,18.125,8.875
1534,87.6875,43.75,28.0625,21.6875,18.125,8.875
1543,87.6875,43.875,28.125,21.6875,18.125,8.8125
1553,87.625,43.9375,28.125,21.6875,18.125,8.8125
1562,87.5625,44.0,28.1875,21.6875,18.125,8.8125
1572,87.5625,44.0625,28.25,21.75,18.125,8.8125
1581,87.6875,44.125,28.25,21.75,18.125,8.75
1591,87.9375,44.1875,28.3125,21.75,18.0625,8.75
1601,88.125,44.25,28.375,21.75,18.0625,8.75
1610,88.125,44.3125,28.375,21.8125,18.0625,8.75
1620,88.125,44.4375,28.4375,21.8125,18.0625,8.6875
1629,88.0625,44.5,28.5,21.8125,18.0625,8.6875
1639,88.0625,44.5625,28.5,21.8125,18.0625,8.6875
1649,88.1875,44.625,28.5625,21.8125,18.0625,8.6875
1658,88.3125,44.6875,28.625,21.875,18.0625,8.625
1668,88.4375,44.6875,28.625,21.875,18.0625,8.625
1677,88.5625,44.75,28.6875,21.875,18.0625,8.625
1687,88.6875,44.8125,28.6875,21.875,18.0625,8.625
1696,88.75,44.875,28.75,21.875,18.0,8.5625
1706,88.8125,44.9375,28.8125,21.9375,18.0625,8.5625
1716,88.8125,44.9375,28.8125,21.9375,18.0625,8.5625
1725,88.875,45.0625,28.875,21.9375,18.0,8.5625
1735,89.0625,45.125,28.9375,21.9375,18.0,8.5625
1744,89.0625,45.1875,28.9375,22.0,18.0,8.5
1754,89.0625,45.25,29.0,22.0,18.0,8.5
1764,89.1875,45.375,29.0625,22.0,18.0,8.5
1773,89.3125,45.4375,29.125,22.0,18.0,8.5
1783,89.3125,45.5,29.1875,22.0625,18.0,8.5
1792,89.3125,45.5625,29.25,22.0625,18.0,8.5
1802,89.3125,45.625,29.25,22.0625,18.0,8.4375
1811,89.25,45.6875,29.3125,22.0625,18.0,8.4375
1821,89.3125,45.75,29.375,22.0625,18.0,8.4375
1831,89.3125,45.8125,29.4375,22.125,18.0,8.4375
1840,89.3125,45.875,29.4375,22.125,18.0,8.4375
1850,89.3125,45.875,29.5,22.125,18.0,8.4375
1859,89.3125,46.0,29.5625,22.1875,18.0,8.375
1869,89.25,46.0625,29.5625,22.1875,17.9375,8.375
1878,89.25,46.125,29.625,22.1875,18.0,8.375
1888,89.3125,46.1875,29.6875,22.1875,17.9375,8.375
1898,89.3125,46.25,29.6875,22.25,17.9375,8.375
1907,89.3125,46.3125,29.75,22.25,18.0,8.3125
1917,89.3125,46.375,29.8125,22.25,18.0,8.3125
1926,89.25,46.4375,29.8125,22.25,17.9375,8.3125
1936,89.3125,46.5,29.875,22.3125,18.0,8.3125
1945,89.3125,46.5,29.9375,22.3125,17.9375,8.3125
1955,89.3125,46.5625,29.9375,22.3125,17.9375,8.3125
1965,89.375,46.625,30.0,22.375,17.9375,8.25
1974,89.3125,46.6875,30.0625,22.375,17.9375,8.25
1984,89.375,46.6875,30.0625,22.375,17.9375,8.25
1993,89.75,46.75,30.125,22.375,17.9375,8.25
2003,89.0,46.8125,30.1875,22.4375,17.9375,8.25
2012,88.4375,46.8125,30.25,22.4375,17.9375,8.25
2022,88.1875,46.875,30.25,22.4375,17.9375,8.1875
2032,88.0625,46.9375,30.3125,22.5,17.9375,8.1875
2041,87.9375,46.9375,30.3125,22.5,17.9375,8.1875
2051,87.875,47.0,30.375,22.5,17.9375,8.1875
2060,87.75,47.0625,30.4375,22.5,17.9375,8.1875
2070,87.75,47.125,30.4375,22.5625,17.9375,8.1875
2079,87.6875,47.1875,30.5,22.5625,17.9375,8.1875
2089,87.5625,47.1875,30.5,22.5625,17.9375,8.1875
2099,87.5,47.25,30.5625,22.5625,17.9375,8.125
2108,87.375,47.3125,30.625,22.625,17.9375,8.125
2118,87.3125,47.375,30.625,22.625,17.9375,8.125
2127,87.25,47.4375,30.6875,22.625,17.9375,8.125
2137,87.25,47.5,30.75,22.6875,17.9375,8.125
2146,87.3125,47.5625,30.8125,22.6875,17.9375,8.125
2156,87.4375,47.625,30.8125,22.6875,17.9375,8.125
2166,87.4375,47.75,30.875,22.75,17.9375,8.0625
2175,87.4375,47.8125,30.9375,22.75,17.9375,8.0625
2185,87.5,47.875,30.9375,22.75,17.9375,8.0625
2194,87.5,47.9375,31.0,22.75,17.9375,8.0625
2204,87.5625,47.9375,31.0625,22.8125,17.9375,8.0625
2213,87.625,48.0,31.0625,22.8125,17.9375,8.0625
2223,87.6875,48.0625,31.125,22.8125,17.9375,8.0
2233,87.75,48.125,31.125,22.875,17.9375,8.0
2242,87.8125,48.1875,31.1875,22.875,17.9375,8.0
2252,87.8125,48.25,31.25,22.875,17.9375,8.0
2261,87.875,48.25,31.3125,22.875,17.9375,8.0
2271,88.0,48.375,31.3125,22.875,17.9375,8.0
2280,88.125,48.375,31.375,22.9375,17.9375,7.9375
2290,88.125,48.4375,31.4375,22.9375,17.9375,7.9375
2299,88.25,48.5,31.4375,22.9375,17.9375,7.9375
2309,88.25,48.5625,31.5,23.0,17.9375,7.9375
2319,88.3125,48.625,31.5,23.0,17.9375,7.9375
2328,88.3125,48.625,31.5625,23.0,17.9375,7.9375
2338,88.3125,48.6875,31.625,23.0,17.9375,7.875
2347,88.375,48.75,31.6875,23.0625,17.9375,7.875
2357,88.375,48.8125,31.6875,23.0625,17.9375,7.875
2366,88.375,48.8125,31.75,23.0625,17.9375,7.875
2376,88.4375,48.875,31.75,23.0625,17.9375,7.875
2386,88.4375,48.9375,31.8125,23.125,17.9375,7.875
2395,88.5,49.0,31.8125,23.125,17.9375,7.875
2405,88.5,49.0,31.8125,23.125,17.9375,7.8125
2414,88.5625,49.0625,31.875,23.125,17.9375,7.8125
2424,88.625,49.0625,31.875,23.1875,17.9375,7.8125
2433,88.6875,49.125,31.9375,23.1875,17.9375,7.8125
2443,88.75,49.125,32.0,23.1875,17.9375,7.8125
2453,88.8125,49.1875,32.0,23.1875,17.9375,7.8125
2462,88.875,49.25,32.0625,23.25,17.9375,7.75
2472,88.875,49.25,32.0625,23.25,17.9375,7.75
2481,89.0,49.3125,32.125,23.25,17.9375,7.75
2491,89.0,49.375,32.125,23.25,17.9375,7.75
2500,89.0,49.375,32.125,23.25,17.9375,7.75
2510,89.0,49.4375,32.1875,23.3125,17.875,7.75
2520,89.0625,49.4375,32.1875,23.3125,17.9375,7.6875
2529,89.0625,49.5,32.25,23.3125,17.9375,7.6875
2539,89.0625,49.5625,32.25,23.3125,17.875,7.6875
2548,89.125,49.5625,32.3125,23.375,17.9375,7.6875
2558,89.125,49.625,32.3125,23.375,17.9375,7.6875
2567,89.1875,49.625,32.3125,23.375,17.9375,7.6875
2577,89.25,49.6875,32.375,23.375,17.9375,7.6875
2586,89.3125,49.6875,32.375,23.4375,17.9375,7.625
2596,89.3125,49.6875,32.4375,23.4375,17.9375,7.625
2606,89.3125,49.75,32.4375,23.4375,17.9375,7.625
2615,89.375,49.8125,32.5,23.4375,17.9375,7.625
2625,89.375,49.8125,32.5,23.4375,17.875,7.625
2634,89.375,49.875,32.5625,23.5,17.9375,7.625
2644,89.375,49.875,32.5625,23.5,17.9375,7.625
2653,89.375,49.9375,32.5625,23.5,17.9375,7.5625
2663,89.4375,49.9375,32.625,23.5,17.9375,7.5625
2672,89.375,50.0,32.625,23.5625,17.875,7.5625
2682,89.4375,50.0625,32.6875,23.5625,17.875,7.5625
2692,89.4375,50.0625,32.6875,23.5625,17.875,7.5625
2701,89.4375,50.125,32.6875,23.5625,17.9375,7.5625
2711,89.4375,50.1875,32.75,23.5625,17.9375,7.5625
2720,89.5,50.1875,32.75,23.625,17.9375,7.5
2730,89.5625,50.25,32.8125,23.625,17.9375,7.5
2739,89.625,50.25,32.8125,23.625,17.875,7.5
2749,89.625,50.3125,32.8125,23.625,17.9375,7.5
2759,89.6875,50.3125,32.875,23.6875,17.875,7.5
2768,89.75,50.375,32.875,23.6875,17.9375,7.5
2778,89.75,50.375,32.9375,23.6875,17.875,7.5
2787,89.75,50.375,32.9375,23.6875,17.9375,7.5
2797,89.8125,50.4375,32.9375,23.6875,17.9375,7.4375
2806,89.8125,50.5,33.0,23.6875,17.9375,7.4375
2816,89.8125,50.5,33.0,23.75,17.875,7.4375
2825,89.875,50.5625,33.0625,23.75,17.875,7.4375
2835,89.875,50.5625,33.0625,23.75,17.9375,7.4375
2845,89.875,50.625,33.0625,23.75,17.9375,7.4375
2854,89.9375,50.625,33.125,23.75,17.9375,7.4375
2864,89.9375,50.625,33.125,23.8125,17.9375,7.4375
2873,89.9375,50.6875,33.1875,23.8125,17.875,7.375
2883,89.9375,50.6875,33.1875,23.8125,17.875,7.4375
2892,90.0,50.6875,33.1875,23.8125,17.875,7.375
2902,90.0,50.6875,33.25,23.8125,17.9375,7.375
2911,90.0,50.75,33.25,23.875,17.9375,7.375
2921,90.0625,50.8125,33.25,23.875,17.875,7.375
2931,90.0,50.8125,33.25,23.875,17.875,7.375
2940,90.0,50.875,33.3125,23.875,17.875,7.375
2950,90.0625,50.875,33.3125,23.875,17.9375,7.375
2959,90.0625,50.875,33.3125,23.9375,17.9375,7.375
2969,90.0625,50.9375,33.375,23.9375,17.875,7.375
2978,90.125,50.9375,33.375,23.9375,17.9375,7.375
2988,90.125,51.0,33.375,23.9375,17.875,7.375
2997,90.125,51.0,33.375,23.9375,17.9375,7.375
3007,90.125,51.0,33.4375,23.9375,17.9375,7.3125
3017,90.125,51.0,33.4375,23.9375,17.9375,7.3125
3026,90.125,51.0,33.4375,24.0,17.9375,7.3125
3036,90.125,51.0,33.4375,24.0,17.875,7.3125
3045,90.125,51.0,33.4375,24.0,17.9375,7.3125
3055,90.125,51.0,33.4375,24.0,17.9375,7.3125
3064,90.125,51.0,33.5,24.0,17.875,7.3125
3074,90.125,51.0,33.5,24.0,17.875,7.3125
3083,90.125,51.0,33.5,24.0,17.9375,7.3125
3093,90.125,51.0,33.5,24.0,17.875,7.3125
3103,90.125,51.0,33.5,24.0,17.875,7.3125
3112,90.1875,51.0,33.5,24.0,17.875,7.3125
3122,90.25,51.0,33.5,24.0,17.9375,7.3125
3131,90.25,51.0625,33.5,24.0625,17.875,7.3125
3141,90.25,51.0625,33.5625,24.0625,17.9375,7.3125
3150,90.25,51.0625,33.5625,24.0625,17.875,7.3125
3160,90.3125,51.0625,33.5625,24.0625,17.9375,7.3125
3170,90.375,51.125,33.625,24.0625,17.9375,7.3125
3179,90.375,51.125,33.625,24.0625,17.9375,7.3125
3189,90.375,51.125,33.625,24.125,17.9375,7.3125
3198,90.4375,51.1875,33.6875,24.125,17.9375,7.3125
3208,90.4375,51.1875,33.6875,24.125,17.9375,7.3125
3217,90.4375,51.1875,33.6875,24.125,17.9375,7.3125
3227,90.4375,51.25,33.6875,24.125,17.9375,7.3125
3236,90.5,51.25,33.75,24.125,17.9375,7.3125
3246,90.5,51.25,33.75,24.125,17.9375,7.3125
3256,90.5,51.25,33.8125,24.125,17.9375,7.3125
3265,90.5,51.25,33.8125,24.125,17.9375,7.3125
3275,90.5,51.3125,33.8125,24.1875,17.9375,7.3125
3284,90.5625,51.3125,33.875,24.1875,17.9375,7.3125
3294,90.5625,51.375,33.875,24.1875,17.9375,7.3125
3303,90.5625,51.375,33.875,24.1875,17.9375,7.3125
3313,90.5625,51.375,33.9375,24.1875,17.9375,7.3125
3322,90.5625,51.4375,33.9375,24.1875,17.9375,7.3125
3332,90.5625,51.4375,33.9375,24.25,17.9375,7.3125
3342,90.5625,51.5,34.0,24.25,17.9375,7.3125
3351,90.5625,51.5,34.0,24.25,17.9375,7.3125
3361,90.5625,51.5,34.0,24.25,17.9375,7.375
3370,90.5625,51.5,34.0,24.25,17.9375,7.3125
3380,90.5625,51.5,34.0625,24.25,17.9375,7.375
3389,90.5625,51.5625,34.0625,24.25,17.9375,7.375
3399,90.5625,51.5625,34.0625,24.25,17.9375,7.375
3408,90.5625,51.625,34.0625,24.25,17.9375,7.375
3418,90.5,51.625,34.0625,24.3125,17.9375,7.375
3428,90.5,51.625,34.0625,24.3125,17.9375,7.375
3437,90.5,51.6875,34.125,24.3125,17.9375,7.375
3447,90.5,51.6875,34.125,24.3125,17.9375,7.375
3456,90.5,51.6875,34.125,24.3125,17.9375,7.375
3466,90.5,51.6875,34.125,24.3125,17.9375,7.375
3475,90.4375,51.75,34.1875,24.3125,17.9375,7.375
3485,90.4375,51.8125,34.1875,24.3125,17.9375,7.375
3494,90.375,51.8125,34.1875,24.3125,17.9375,7.375
3504,90.3125,51.875,34.1875,24.3125,17.9375,7.375
3514,90.3125,51.875,34.25,24.375,17.9375,7.375
3523,90.375,51.9375,34.25,24.375,17.9375,7.4375
3533,90.5,51.9375,34.25,24.375,17.9375,7.4375
3542,90.5,52.0,34.3125,24.375,17.9375,7.4375
3552,90.5,52.0,34.3125,24.375,17.9375,7.4375
3561,90.4375,52.0,34.3125,24.375,17.9375,7.4375
3571,90.3125,52.0625,34.3125,24.375,17.9375,7.4375
3580,90.25,52.0625,34.375,24.375,17.9375,7.4375
3590,90.1875,52.0625,34.375,24.375,17.9375,7.4375
3600,90.25,52.125,34.375,24.375,17.9375,7.4375
3609,90.3125,52.125,34.375,24.4375,17.9375,7.4375
3619,90.375,52.1875,34.375,24.4375,17.9375,7.4375
3628,90.4375,52.1875,34.4375,24.4375,18.0,7.5
3638,90.5,52.25,34.4375,24.4375,18.0,7.5
3647,90.5625,52.25,34.4375,24.4375,18.0,7.5
3657,90.625,52.3125,34.5,24.4375,18.0,7.5
3666,90.6875,52.375,34.5,24.4375,18.0,7.5
3676,90.8125,52.375,34.5625,24.5,18.0,7.5
3686,90.8125,52.4375,34.5625,24.5,18.0,7.5625
3695,90.8125,52.4375,34.5625,24.5,18.0,7.5625
3705,90.8125,52.5,34.5625,24.5,18.0,7.5625
3714,90.8125,52.5,34.625,24.5,18.0,7.5625
3724,90.75,52.5625,34.625,24.5,18.0,7.5625
3733,90.8125,52.625,34.6875,24.5625,18.0,7.5625
3743,90.8125,52.625,34.6875,24.5625,18.0,7.5625
3752,90.75,52.6875,34.75,24.5625,18.0,7.5625
3762,90.625,52.75,34.75,24.5625,18.0,7.5625
3772,90.5,52.75,34.75,24.5625,18.0,7.5625
3781,90.375,52.75,34.8125,24.5625,18.0,7.625
3791,90.25,52.75,34.8125,24.625,18.0,7.625
3800,90.1875,52.75,34.8125,24.625,18.0,7.625
3810,90.0625,52.75,34.8125,24.625,18.0,7.625
3819,90.0,52.75,34.875,24.625,18.0,7.625
3829,89.9375,52.75,34.875,24.625,18.0,7.625
3838,89.875,52.75,34.875,24.625,18.0,7.625
3848,89.8125,52.75,34.875,24.6875,18.0,7.6875
3857,89.75,52.75,34.9375,24.6875,18.0,7.6875
3867,89.6875,52.6875,34.9375,24.6875,18.0,7.6875
3877,89.6875,52.6875,34.9375,24.6875,18.0625,7.6875
3886,89.625,52.6875,34.9375,24.6875,18.0,7.6875
3896,89.5625,52.6875,34.9375,24.6875,18.0,7.6875
3905,89.5,52.75,34.9375,24.6875,18.0625,7.6875
3915,89.4375,52.75,35.0,24.6875,18.0,7.6875
3924,89.375,52.75,35.0,24.75,18.0625,7.75
3934,89.3125,52.8125,35.0,24.75,18.0,7.75
3943,89.3125,52.8125,35.0,24.75,18.0,7.75
3953,89.25,52.8125,35.0625,24.75,18.0625,7.75
3962,89.1875,52.8125,35.0625,24.75,18.0625,7.75
3972,89.1875,52.8125,35.0625,24.75,18.0625,7.75
3982,89.1875,52.875,35.0625,24.75,18.0625,7.8125
3991,89.125,52.875,35.0625,24.8125,18.0625,7.8125
4001,89.125,52.875,35.125,24.8125,18.0625,7.8125
4010,89.125,52.875,35.125,24.8125,18.0625,7.8125
4020,89.125,52.875,35.125,24.8125,18.0625,7.8125
4029,89.125,52.875,35.125,24.8125,18.0625,7.8125
4039,89.1875,52.875,35.125,24.8125,18.0625,7.8125
4048,89.1875,52.875,35.1875,24.8125,18.0625,7.875
4058,89.1875,52.9375,35.1875,24.8125,18.0625,7.875
4067,89.1875,52.9375,35.1875,24.8125,18.0625,7.875
4077,89.25,52.9375,35.1875,24.8125,18.0625,7.875
4087,89.25,53.0,35.1875,24.875,18.0625,7.875
4096,89.25,53.0,35.1875,24.875,18.0625,7.875
4106,89.25,53.0,35.25,24.875,18.0625,7.875
4115,89.3125,53.0,35.25,24.875,18.0625,7.9375
4125,89.3125,53.0,35.25,24.875,18.0625,7.9375
4134,89.3125,53.0,35.25,24.875,18.0625,7.9375
4144,89.25,53.0625,35.25,24.875,18.0625,7.9375
4153,89.25,53.0625,35.3125,24.875,18.0625,7.9375
4163,89.1875,53.0625,35.3125,24.9375,18.0625,7.9375
4172,89.0625,53.0625,35.3125,24.9375,18.0625,7.9375
4182,89.0,53.125,35.3125,24.9375,18.0625,8.0
4192,89.0,53.125,35.3125,24.9375,18.0625,8.0
4201,88.9375,53.125,35.3125,24.9375,18.0625,8.0
4211,88.9375,53.0625,35.3125,24.9375,18.125,8.0
4220,88.875,53.0625,35.375,24.9375,18.0625,8.0
4230,88.75,53.0625,35.3125,24.9375,18.125,8.0
4239,88.75,53.0625,35.375,24.9375,18.125,8.0
4249,88.6875,53.0625,35.375,24.9375,18.125,8.0625
4258,88.6875,53.0625,35.375,24.9375,18.125,8.0625
4268,88.75,53.0625,35.375,25.0,18.125,8.0625
4277,88.875,53.0625,35.375,25.0,18.125,8.0625
4287,88.9375,53.0625,35.375,25.0,18.125,8.0625
4297,89.0625,53.125,35.4375,25.0,18.125,8.125
4306,89.0625,53.125,35.4375,25.0,18.125,8.125
4316,89.125,53.1875,35.4375,25.0,18.125,8.125
4325,89.1875,53.25,35.5,25.0,18.125,8.125
4335,89.3125,53.3125,35.5,25.0,18.125,8.125
4344,89.5,53.375,35.5625,25.0,18.125,8.125
4354,89.625,53.4375,35.5625,25.0,18.125,8.1875
4363,89.75,53.5,35.625,25.0625,18.125,8.1875
4373,89.875,53.5625,35.625,25.0625,18.1875,8.1875
4382,90.0,53.625,35.6875,25.0625,18.1875,8.1875
4392,90.125,53.6875,35.6875,25.0625,18.1875,8.1875
4401,90.1875,53.75,35.6875,25.0625,18.1875,8.1875
4411,90.3125,53.8125,35.75,25.125,18.1875,8.25
4421,90.375,53.875,35.75,25.125,18.1875,8.25
4430,90.4375,53.9375,35.8125,25.125,18.1875,8.25
4440,90.4375,53.9375,35.8125,25.125,18.1875,8.25
4449,90.4375,54.0,35.8125,25.125,18.1875,8.25
4459,90.5,54.0,35.875,25.125,18.1875,8.25
4468,90.5,54.0625,35.875,25.125,18.1875,8.3125
4478,90.5,54.125,35.875,25.125,18.1875,8.3125
4487,90.5625,54.125,35.9375,25.1875,18.1875,8.3125
4497,90.75,54.1875,35.9375,25.1875,18.25,8.3125
4506,90.75,54.1875,35.9375,25.1875,18.25,8.3125
4516,90.6875,54.1875,35.9375,25.1875,18.25,8.3125
4525,90.6875,54.1875,36.0,25.1875,18.25,8.375
4535,90.75,54.25,36.0,25.1875,18.25,8.375
4544,90.8125,54.3125,36.0,25.1875,18.25,8.375
4554,90.8125,54.3125,36.0,25.1875,18.25,8.375
4564,90.75,54.375,36.0625,25.1875,18.25,8.375
4573,90.8125,54.375,36.0625,25.25,18.25,8.375
4583,90.75,54.4375,36.0625,25.25,18.25,8.4375
4592,90.6875,54.375,36.125,25.25,18.25,8.4375
4602,90.625,54.375,36.125,25.25,18.25,8.4375
4611,90.625,54.375,36.125,25.25,18.25,8.4375
4621,90.625,54.375,36.125,25.25,18.3125,8.4375
4630,90.625,54.4375,36.125,25.25,18.25,8.4375
4640,90.5625,54.5,36.125,25.25,18.25,8.4375
4649,90.5625,54.5,36.1875,25.25,18.3125,8.4375
4659,90.5625,54.5,36.1875,25.25,18.3125,8.5
4668,90.5625,54.5,36.1875,25.25,18.3125,8.5
4678,90.5625,54.5625,36.1875,25.25,18.3125,8.5
4687,90.5625,54.5625,36.25,25.25,18.3125,8.5
4697,90.6875,54.625,36.25,25.25,18.3125,8.5
4706,90.6875,54.625,36.25,25.25,18.3125,8.5625
4716,90.625,54.625,36.25,25.25,18.3125,8.5625
4725,90.5625,54.6875,36.25,25.3125,18.3125,8.5625
4735,90.5625,54.75,36.3125,25.3125,18.3125,8.5625
4745,90.5,54.75,36.3125,25.3125,18.3125,8.5625
4754,90.625,54.8125,36.3125,25.3125,18.3125,8.625
4764,90.625,54.875,36.3125,25.3125,18.3125,8.625
4773,90.6875,54.875,36.375,25.3125,18.3125,8.625
4783,90.75,54.9375,36.375,25.3125,18.3125,8.625
4792,90.8125,55.0,36.375,25.3125,18.375,8.625
4802,90.8125,55.0,36.375,25.3125,18.3125,8.625
4811,90.8125,55.0625,36.4375,25.3125,18.375,8.6875
4821,90.75,55.0625,36.4375,25.3125,18.375,8.6875
4830,90.75,55.125,36.5,25.3125,18.375,8.6875
4840,90.6875,55.125,36.5,25.375,18.375,8.6875
4849,90.6875,55.1875,36.5,25.375,18.375,8.6875
4859,90.6875,55.25,36.5625,25.375,18.375,8.75
4868,90.75,55.25,36.5625,25.375,18.375,8.75
4878,90.6875,55.3125,36.5625,25.375,18.375,8.75
4888,90.625,55.375,36.625,25.375,18.375,8.75
4897,90.5625,55.375,36.625,25.375,18.375,8.75
4907,90.4375,55.4375,36.625,25.375,18.375,8.75
4916,90.375,55.5,36.625,25.375,18.375,8.8125
4926,90.375,55.5625,36.6875,25.375,18.375,8.8125
4935,90.375,55.5625,36.6875,25.4375,18.375,8.8125
4945,90.4375,55.625,36.6875,25.4375,18.375,8.8125
4954,90.4375,55.625,36.75,25.4375,18.4375,8.8125
4964,90.4375,55.6875,36.75,25.4375,18.4375,8.8125
4973,90.375,55.6875,36.75,25.4375,18.4375,8.8125
4983,90.375,55.6875,36.8125,25.4375,18.4375,8.875
4992,90.375,55.6875,36.8125,25.4375,18.4375,8.875
5002,90.375,55.6875,36.8125,25.4375,18.4375,8.875
5012,90.375,55.6875,36.8125,25.4375,18.4375,8.875
5021,90.375,55.75,36.875,25.4375,18.4375,8.875
5031,90.3125,55.75,36.875,25.4375,18.4375,8.875
5040,90.25,55.8125,36.9375,25.4375,18.4375,8.875
5050,90.1875,55.8125,36.9375,25.5,18.4375,8.9375
5059,90.125,55.875,36.9375,25.5,18.4375,8.9375
5069,90.125,55.875,36.9375,25.5,18.4375,8.9375
5078,90.0625,55.875,36.9375,25.5,18.4375,8.9375
5088,90.125,55.9375,37.0,25.5,18.5,8.9375
5097,90.125,55.9375,37.0,25.5,18.5,8.9375
5107,90.125,56.0,37.0,25.5,18.5,9.0
5116,90.0625,56.0,37.0,25.5,18.5,9.0
5126,90.0,56.0625,37.0,25.5,18.5,9.0
5135,89.8125,56.0625,37.0625,25.5,18.5,9.0
5145,89.6875,56.125,37.0625,25.5,18.5,9.0
5155,89.75,56.1875,37.0625,25.5625,18.5,9.0
5164,89.75,56.1875,37.125,25.5625,18.5,9.0
5174,89.75,56.1875,37.125,25.5625,18.5,9.0625
5183,89.6875,56.25,37.125,25.5625,18.5,9.0625
5193,89.5625,56.25,37.125,25.5625,18.5,9.0625
5202,89.5,56.25,37.1875,25.5625,18.5,9.0625
5212,89.4375,56.25,37.1875,25.5625,18.5625,9.0625
5221,89.375,56.3125,37.1875,25.5625,18.5625,9.0625
5231,89.375,56.3125,37.1875,25.5625,18.5625,9.0625
5240,89.375,56.375,37.1875,25.625,18.5625,9.0625
5250,89.375,56.375,37.1875,25.625,18.5625,9.0625
5259,89.3125,56.375,37.25,25.625,18.5625,9.125
5269,89.375,56.4375,37.25,25.625,18.5625,9.125
5278,89.4375,56.4375,37.25,25.625,18.5625,9.125
5288,89.5,56.5,37.3125,25.625,18.5625,9.125
5297,89.75,56.5625,37.3125,25.625,18.5625,9.125
5307,90.125,56.6875,37.375,25.6875,18.5625,9.125
5317,90.4375,56.8125,37.375,25.6875,18.5625,9.125
5326,90.625,56.9375,37.4375,25.6875,18.5625,9.125
5336,90.75,57.0625,37.4375,25.6875,18.625,9.1875
5345,90.875,57.125,37.4375,25.6875,18.625,9.1875
5355,91.0,57.25,37.5,25.75,18.5625,9.1875
5364,91.125,57.3125,37.5,25.75,18.625,9.1875
5374,91.5625,57.4375,37.5625,25.75,18.625,9.1875
5383,91.8125,57.5,37.625,25.75,18.625,9.1875
5393,91.875,57.625,37.625,25.75,18.625,9.1875
5402,91.8125,57.6875,37.6875,25.8125,18.625,9.1875
5412,91.75,57.8125,37.6875,25.8125,18.625,9.1875
5421,91.75,57.875,37.75,25.8125,18.625,9.1875
5431,91.75,57.9375,37.75,25.8125,18.625,9.1875
5440,91.875,58.0,37.75,25.8125,18.625,9.1875
5450,91.875,58.125,37.8125,25.875,18.625,9.25
5459,91.8125,58.1875,37.8125,25.875,18.625,9.25
5469,91.9375,58.3125,37.8125,25.875,18.625,9.25
5478,91.9375,58.4375,37.875,25.875,18.6875,9.25
5488,91.875,58.5,37.875,25.875,18.6875,9.25
5497,91.8125,58.625,37.875,25.875,18.6875,9.25
5507,91.75,58.6875,37.875,25.875,18.6875,9.25
5516,91.75,58.8125,37.9375,25.875,18.6875,9.25
5526,91.75,58.9375,37.9375,25.875,18.6875,9.25
5535,91.75,59.0,37.9375,25.9375,18.6875,9.25
5545,91.875,59.0625,37.9375,25.9375,18.6875,9.25
5554,91.9375,59.1875,37.9375,25.9375,18.6875,9.25
5564,92.0625,59.1875,37.9375,25.9375,18.6875,9.3125
5573,92.3125,59.25,37.9375,25.9375,18.6875,9.3125
5583,92.4375,59.375,38.0,25.9375,18.6875,9.3125
5592,92.4375,59.5,38.0,26.0,18.6875,9.3125
5602,92.5,59.625,38.0,26.0,18.6875,9.3125
5612,92.4375,59.75,38.0,26.0,18.75,9.3125
5621,92.3125,59.875,38.0625,26.0,18.75,9.3125
5631,92.1875,60.0,38.0625,26.0,18.75,9.3125
5640,92.0,60.125,38.0625,26.0,18.75,9.3125
5650,91.875,60.25,38.0625,26.0,18.75,9.3125
5659,91.75,60.375,38.125,26.0,18.75,9.375
5669,91.8125,60.4375,38.125,26.0,18.75,9.375
5678,92.0,60.5625,38.125,26.0,18.75,9.375
5688,92.125,60.625,38.125,26.0625,18.75,9.375
5697,92.25,60.6875,38.125,26.0625,18.75,9.375
5707,92.3125,60.875,38.125,26.0625,18.75,9.375
5716,92.1875,60.9375,38.1875,26.0625,18.75,9.375
5726,92.1875,61.0,38.1875,26.0625,18.75,9.375
5735,92.25,61.0625,38.1875,26.0625,18.75,9.375
5745,92.3125,61.1875,38.1875,26.0625,18.8125,9.375
5754,92.375,61.25,38.1875,26.0625,18.8125,9.375
5764,92.5,61.3125,38.1875,26.125,18.8125,9.375
5773,92.625,61.375,38.25,26.0625,18.8125,9.375
5783,92.625,61.5625,38.25,26.125,18.8125,9.375
5792,92.5,61.6875,38.25,26.125,18.8125,9.4375
5802,92.1875,61.875,38.25,26.125,18.8125,9.375
5811,91.9375,62.0,38.3125,26.125,18.8125,9.4375
5821,91.9375,62.125,38.3125,26.125,18.8125,9.4375
5830,92.0625,62.25,38.3125,26.125,18.8125,9.4375
5840,92.1875,62.3125,38.375,26.1875,18.8125,9.4375
5849,92.25,62.375,38.375,26.125,18.8125,9.4375
5859,92.1875,62.5,38.4375,26.1875,18.8125,9.4375
5868,92.0,62.625,38.4375,26.1875,18.875,9.4375
5878,91.8125,62.75,38.4375,26.1875,18.875,9.4375
5887,91.5625,62.9375,38.5,26.1875,18.875,9.4375
5897,91.25,63.0625,38.5,26.1875,18.875,9.4375
5906,91.0,63.1875,38.5,26.1875,18.875,9.4375
5916,90.75,63.3125,38.5625,26.1875,18.875,9.4375
5925,90.625,63.5,38.5625,26.1875,18.875,9.4375
5935,90.6875,63.625,38.5625,26.25,18.875,9.4375
5944,90.875,63.75,38.625,26.25,18.875,9.4375
5954,90.75,63.9375,38.625,26.25,18.875,9.5
5963,90.75,64.0625,38.6875,26.25,18.875,9.4375
5973,90.625,64.1875,38.6875,26.25,18.9375,9.5
5982,90.4375,64.3125,38.75,26.25,18.9375,9.5
5992,90.25,64.375,38.75,26.25,18.9375,9.5
6001,90.3125,64.4375,38.75,26.3125,18.9375,9.5
