datetime,MS_pres,MS_temp,R_av,i_av,Therm_temp
2022/3/10 10:28:52,13.04,1028.09,656.614,0.0015,-59.80
2022/3/10 10:31:24,12.83,1028.15,1096.310,0.0007,-59.19
2022/3/10 10:34:0,11.84,1028.33,1124.043,0.0007,-60.51
2022/3/10 10:36:35,11.34,1028.63,1145.399,0.0007,-61.11
2022/3/10 10:39:11,11.22,1028.70,1394.244,0.0006,-60.97
2022/3/10 10:41:47,10.58,1028.71,1234.814,0.0006,-61.25
2022/3/10 10:44:23,10.28,1028.84,1201.392,0.0006,-62.47
2022/3/10 10:46:59,9.86,1028.92,1127.319,0.0006,-62.70
2022/3/10 10:49:35,9.74,1028.55,1126.392,0.0006,-61.60
2022/3/10 10:52:10,8.16,1181.02,494.468,0.0012,-66.09
2022/3/10 10:54:46,7.32,1239.87,410.259,0.0012,-67.25
2022/3/10 11:27:43,-999.00,-999.00,422.911,0.0011,-67.68
2022/3/10 11:30:15,-999.00,-999.00,423.715,0.0011,-67.84
2022/3/10 11:32:43,-999.00,-999.00,412.349,0.0011,-68.07
2022/3/10 11:35:20,-999.00,-999.00,421.696,0.0011,-67.46
2022/3/10 11:37:51,-999.00,-999.00,419.857,0.0011,-67.41
2022/3/10 11:40:23,6.49,1219.28,372.372,0.0012,-68.24
2022/3/10 11:42:59,6.49,1217.49,371.605,0.0012,-67.20
2022/3/10 11:45:35,6.49,1215.76,375.281,0.0012,-67.52
2022/3/10 11:48:11,6.49,1214.02,370.661,0.0012,-67.90
2022/3/10 11:50:47,-999.00,-999.00,403.275,0.0011,-67.41
2022/3/10 11:53:19,-999.00,-999.00,398.971,0.0011,-67.68
2022/3/10 11:55:51,-999.00,-999.00,397.147,0.0011,-67.96
2022/3/10 11:58:23,-999.00,-999.00,392.528,0.0011,-67.63
2022/3/10 12:0:54,-999.00,-999.00,387.185,0.0011,-67.90
2022/3/10 12:3:27,6.53,1204.64,351.525,0.0012,-68.24
2022/3/10 12:6:2,6.54,1202.83,348.297,0.0012,-68.18
2022/3/10 12:8:38,6.54,1201.50,348.749,0.0012,-67.79
2022/3/10 12:11:13,6.55,1200.03,346.663,0.0012,-67.90
2022/3/10 12:13:49,6.55,1198.06,344.998,0.0012,-67.63
2022/3/10 12:16:25,-999.00,-999.00,376.790,0.0012,-67.36
2022/3/10 12:18:57,-999.00,-999.00,379.895,0.0011,-67.41
2022/3/10 12:21:29,-999.00,-999.00,380.591,0.0011,-67.68
2022/3/10 12:24:1,-999.00,-999.00,395.248,0.0011,-66.99
2022/3/10 12:34:9,-999.00,-999.00,391.048,0.0011,-67.90
2022/3/10 12:36:41,-999.00,-999.00,391.933,0.0011,-67.20
2022/3/10 12:39:12,-999.00,-999.00,395.979,0.0011,-67.57
2022/3/10 12:49:20,-999.00,-999.00,366.516,0.0012,-66.83
2022/3/10 12:51:52,-999.00,-999.00,366.408,0.0012,-66.99
2022/3/10 12:54:24,-999.00,-999.00,373.949,0.0012,-66.78
2022/3/10 13:2:0,-999.00,-999.00,380.315,0.0012,-67.25
2022/3/10 13:4:32,-999.00,-999.00,382.042,0.0012,-67.41
2022/3/10 13:7:4,-999.00,-999.00,388.567,0.0012,-67.84
2022/3/10 13:9:36,-999.00,-999.00,390.345,0.0011,-67.79
2022/3/10 13:12:8,-999.00,-999.00,426.778,0.0011,-66.83
2022/3/10 13:14:39,-999.00,-999.00,427.006,0.0011,-68.29
2022/3/10 13:17:11,-999.00,-999.00,455.503,0.0011,-68.07
2022/3/10 13:19:43,-999.00,-999.00,412.683,0.0011,-67.63
2022/3/10 13:22:15,-999.00,-999.00,414.547,0.0011,-67.09
2022/3/10 13:24:47,-999.00,-999.00,414.375,0.0011,-66.94
2022/3/10 13:27:19,-999.00,-999.00,416.237,0.0011,-67.52
2022/3/10 13:29:51,-999.00,-999.00,415.707,0.0011,-67.30
2022/3/10 13:32:23,-999.00,-999.00,415.474,0.0011,-67.15
2022/3/10 13:34:55,-999.00,-999.00,409.699,0.0011,-67.68
2022/3/10 13:37:27,-999.00,-999.00,416.611,0.0011,-67.36
2022/3/10 13:39:59,-999.00,-999.00,428.400,0.0011,-67.41
2022/3/10 13:42:31,-999.00,-999.00,406.407,0.0011,-67.52
2022/3/10 13:45:3,-999.00,-999.00,419.943,0.0011,-66.83
2022/3/10 14:7:50,-999.00,-999.00,421.092,0.0011,-67.57
2022/3/10 14:10:22,-999.00,-999.00,466.892,0.0010,-67.41
2022/3/10 14:12:54,-999.00,-999.00,453.899,0.0010,-66.78
2022/3/10 14:15:26,-999.00,-999.00,419.277,0.0011,-67.20
2022/3/10 14:17:58,-999.00,-999.00,420.424,0.0011,-66.83
2022/3/10 14:20:30,-999.00,-999.00,418.840,0.0011,-67.57
2022/3/10 14:23:2,-999.00,-999.00,421.507,0.0011,-67.79
2022/3/10 14:25:34,-999.00,-999.00,419.163,0.0011,-66.83
2022/3/10 14:28:5,-999.00,-999.00,427.917,0.0010,-66.38
2022/3/10 14:30:37,-999.00,-999.00,374.941,0.0011,-66.94
2022/3/10 14:33:9,6.52,1115.44,313.043,0.0012,-66.48
2022/3/10 14:35:45,6.51,1114.94,306.758,0.0012,-67.04
2022/3/10 14:38:21,6.51,1113.82,309.480,0.0012,-66.63
2022/3/10 14:40:57,6.51,1112.45,302.232,0.0012,-67.09
2022/3/10 14:43:33,6.51,1111.45,300.524,0.0011,-66.83
2022/3/10 14:46:9,6.51,1111.04,300.726,0.0011,-66.48
2022/3/10 14:48:44,6.51,1110.35,308.690,0.0011,-66.53
2022/3/10 14:51:20,6.51,1109.32,314.060,0.0011,-66.94
2022/3/10 14:53:56,6.51,1108.35,307.716,0.0011,-66.63
2022/3/10 14:56:32,6.50,1107.82,308.233,0.0011,-66.94
2022/3/10 14:59:8,6.50,1107.40,306.282,0.0011,-66.94
2022/3/10 15:1:43,6.50,1106.72,306.732,0.0011,-67.15
2022/3/10 15:4:19,6.49,1106.05,322.217,0.0010,-66.53
2022/3/10 15:6:55,6.49,1105.32,321.410,0.0010,-66.99
2022/3/10 15:9:31,6.49,1104.27,322.907,0.0010,-66.94
2022/3/10 15:12:7,6.49,1104.08,301.795,0.0011,-66.63
2022/3/10 15:14:43,6.48,1103.49,331.821,0.0010,-66.94
2022/3/10 15:17:18,6.48,1102.90,289.075,0.0011,-66.83
2022/3/10 15:19:54,6.48,1102.33,295.275,0.0011,-67.25
2022/3/10 15:22:30,6.47,1102.15,288.347,0.0011,-67.46
2022/3/10 15:25:6,6.47,1101.95,297.068,0.0011,-66.68
2022/3/10 15:27:42,6.48,1101.61,309.290,0.0010,-67.41
2022/3/10 15:30:17,6.47,1100.80,289.146,0.0010,-66.48
2022/3/10 15:32:53,6.48,1100.51,288.714,0.0010,-67.15
2022/3/10 15:35:29,6.47,1100.58,302.737,0.0010,-66.28
2022/3/10 15:38:5,6.48,1099.81,283.667,0.0011,-67.30
2022/3/10 15:40:41,6.48,1099.68,308.841,0.0010,-66.83
2022/3/10 15:43:16,6.48,1099.31,274.991,0.0011,-67.25
2022/3/10 15:45:52,6.48,1099.03,265.961,0.0011,-66.68
2022/3/10 15:48:28,6.47,1098.81,292.602,0.0011,-67.46
2022/3/10 15:51:4,6.47,1098.46,258.800,0.0011,-66.83
2022/3/10 15:53:40,6.47,1098.11,259.551,0.0010,-66.48
2022/3/10 15:56:16,6.47,1097.89,279.544,0.0011,-67.52
2022/3/10 15:58:51,6.47,1097.55,255.714,0.0011,-66.33
2022/3/10 16:1:27,6.46,1097.79,246.986,0.0011,-67.52
2022/3/10 16:4:3,6.46,1097.62,260.564,0.0011,-66.28
2022/3/10 16:6:39,6.45,1097.11,303.790,0.0010,-67.52
2022/3/10 16:9:15,6.45,1097.06,260.697,0.0011,-67.36
2022/3/10 16:11:50,6.44,1096.87,293.919,0.0010,-67.09
2022/3/10 16:14:26,6.44,1096.78,261.183,0.0011,-67.68
2022/3/10 16:17:2,6.43,1096.55,293.249,0.0011,-67.09
2022/3/10 16:19:38,6.42,1096.48,257.838,0.0011,-66.53
2022/3/10 16:22:14,6.42,1095.97,263.742,0.0011,-66.63
2022/3/10 16:24:49,6.41,1096.10,256.165,0.0011,-66.78
2022/3/10 16:27:26,6.40,1095.53,261.229,0.0011,-67.36
2022/3/10 16:30:2,6.40,1095.44,257.949,0.0011,-66.78
2022/3/10 16:32:37,6.40,1095.30,256.577,0.0011,-66.78
2022/3/10 16:35:13,6.39,1095.27,263.497,0.0011,-66.99
2022/3/10 16:37:49,6.39,1094.92,253.370,0.0011,-66.68
2022/3/10 16:40:25,6.38,1094.67,253.893,0.0011,-67.15
2022/3/10 16:43:1,6.37,1094.80,254.967,0.0011,-66.78
2022/3/10 16:45:36,6.37,1094.31,248.465,0.0011,-67.04
2022/3/10 16:48:12,6.37,1094.18,263.051,0.0011,-66.78
2022/3/10 16:50:48,6.36,1094.37,280.912,0.0011,-67.52
2022/3/10 16:53:24,6.36,1094.07,251.706,0.0011,-67.15
2022/3/10 16:56:0,6.36,1094.03,249.065,0.0011,-67.04
2022/3/10 16:58:35,6.35,1093.88,251.321,0.0011,-67.09
2022/3/10 17:1:11,6.35,1094.12,280.856,0.0011,-67.52
2022/3/10 17:3:47,6.34,1094.28,246.439,0.0011,-67.20
2022/3/10 17:6:23,6.34,1094.06,243.923,0.0011,-67.25
2022/3/10 17:8:59,6.33,1093.97,244.372,0.0011,-67.15
2022/3/10 17:11:34,6.33,1094.13,273.138,0.0011,-66.78
2022/3/10 17:14:10,6.32,1093.78,241.185,0.0011,-66.78
2022/3/10 17:16:46,6.32,1093.71,241.455,0.0011,-67.15
2022/3/10 17:19:22,6.31,1093.69,249.092,0.0011,-67.15
2022/3/10 17:21:58,6.31,1093.41,244.574,0.0011,-67.09
2022/3/10 17:24:33,6.31,1093.89,242.272,0.0011,-67.68
2022/3/10 17:27:9,6.30,1093.86,243.161,0.0011,-66.94
2022/3/10 17:29:45,6.30,1093.76,246.765,0.0011,-67.46
2022/3/10 17:32:21,6.29,1093.77,247.236,0.0011,-67.73
2022/3/10 17:34:57,6.29,1093.84,250.512,0.0011,-67.25
2022/3/10 17:37:33,6.29,1094.02,235.643,0.0011,-66.63
2022/3/10 17:40:8,6.28,1094.08,231.183,0.0011,-66.78
2022/3/10 17:42:44,6.28,1094.11,234.972,0.0011,-67.04
2022/3/10 17:45:20,6.29,1093.96,231.013,0.0011,-67.46
2022/3/10 17:47:56,6.28,1093.94,239.620,0.0011,-68.24
2022/3/10 17:50:32,6.28,1094.43,192.955,0.0011,-66.94
2022/3/10 17:53:7,6.29,1094.56,189.978,0.0011,-66.73
2022/3/10 17:55:43,6.29,1094.57,196.648,0.0011,-67.09
2022/3/10 17:58:19,6.29,1094.95,189.037,0.0011,-66.78
2022/3/10 18:0:55,6.29,1094.61,188.731,0.0011,-66.28
2022/3/10 18:3:31,6.30,1094.86,213.292,0.0011,-66.68
2022/3/10 18:6:7,6.30,1095.18,186.114,0.0011,-66.99
2022/3/10 18:8:42,6.30,1095.31,185.387,0.0011,-66.73
2022/3/10 18:11:18,6.30,1095.43,181.496,0.0011,-67.46
2022/3/10 18:13:54,6.31,1095.68,190.029,0.0011,-66.94
2022/3/10 18:16:30,6.30,1096.00,188.679,0.0011,-66.94
2022/3/10 18:19:6,6.30,1096.22,186.784,0.0011,-66.78
2022/3/10 18:21:42,6.30,1096.62,185.008,0.0011,-66.78
2022/3/10 18:24:17,6.30,1096.69,185.300,0.0011,-66.78
2022/3/10 18:26:53,6.28,1097.20,194.332,0.0011,-66.33
2022/3/10 18:29:29,6.28,1097.46,182.012,0.0011,-66.99
2022/3/10 18:32:5,6.28,1097.85,184.924,0.0010,-66.68
2022/3/10 18:34:41,6.26,1098.09,188.738,0.0010,-66.23
2022/3/10 18:37:16,6.26,1098.71,185.529,0.0010,-66.63
2022/3/10 18:39:52,6.25,1099.02,189.490,0.0010,-66.83
2022/3/10 18:42:28,6.24,1098.98,187.889,0.0010,-66.94
2022/3/10 18:45:4,6.23,1099.55,186.094,0.0010,-66.83
2022/3/10 18:47:40,6.22,1099.83,177.289,0.0010,-66.94
2022/3/10 18:50:16,6.22,1100.61,191.131,0.0010,-66.43
2022/3/10 18:52:51,6.21,1101.14,200.326,0.0010,-66.43
2022/3/10 18:55:27,6.20,1101.51,193.667,0.0010,-66.23
2022/3/10 18:58:3,6.19,1101.67,179.527,0.0010,-66.53
2022/3/10 19:0:39,6.19,1103.05,197.087,0.0010,-66.58
2022/3/10 19:3:15,6.18,1103.94,188.830,0.0010,-66.63
2022/3/10 19:5:50,6.17,1104.68,190.786,0.0010,-67.57
2022/3/10 19:8:26,6.17,1105.48,201.248,0.0010,-66.73
2022/3/10 19:11:2,6.17,1106.36,195.544,0.0010,-66.99
2022/3/10 19:13:38,6.16,1106.76,203.103,0.0010,-66.68
2022/3/10 19:16:14,6.15,1107.24,196.641,0.0010,-67.30
2022/3/10 19:18:49,6.14,1108.36,205.906,0.0010,-66.94
2022/3/10 19:21:25,6.14,1109.13,194.095,0.0010,-66.53
2022/3/10 19:24:1,6.13,1110.58,214.701,0.0010,-66.99
2022/3/10 19:26:37,6.13,1111.84,205.441,0.0010,-66.48
2022/3/10 19:29:13,6.13,1113.43,217.404,0.0010,-66.78
2022/3/10 19:31:48,6.13,1113.75,214.859,0.0010,-66.99
2022/3/10 19:34:24,6.12,1114.74,217.672,0.0009,-66.73
2022/3/10 19:37:0,6.12,1115.75,230.153,0.0009,-66.78
2022/3/10 19:39:36,6.11,1117.38,220.217,0.0009,-66.33
2022/3/10 19:42:12,6.11,1118.56,226.945,0.0009,-66.94
2022/3/10 19:44:47,6.11,1119.77,220.880,0.0009,-66.94
2022/3/10 19:47:23,6.10,1120.80,243.142,0.0009,-66.94
2022/3/10 19:49:59,6.10,1121.92,244.098,0.0009,-66.94
2022/3/10 19:52:35,6.09,1123.37,242.904,0.0009,-66.78
2022/3/10 19:55:11,6.09,1124.36,250.155,0.0009,-66.78
2022/3/10 19:57:47,6.08,1126.18,251.915,0.0009,-67.09
2022/3/10 20:0:22,6.08,1127.33,257.585,0.0009,-66.48
2022/3/10 20:2:58,6.08,1128.82,258.843,0.0009,-66.43
2022/3/10 20:5:34,6.08,1130.62,257.405,0.0009,-66.58
2022/3/10 20:8:10,6.07,1132.34,264.572,0.0009,-66.58
2022/3/10 20:10:46,6.07,1134.60,271.086,0.0009,-65.38
2022/3/10 20:13:21,6.07,1136.54,265.196,0.0009,-65.42
2022/3/10 20:15:57,6.07,1137.62,281.282,0.0009,-65.52
2022/3/10 20:18:33,6.07,1139.59,277.985,0.0009,-65.89
2022/3/10 20:21:9,6.07,1142.27,277.238,0.0009,-65.94
2022/3/10 20:23:45,6.07,1144.01,291.498,0.0009,-65.38
2022/3/10 20:26:20,6.07,1145.82,293.172,0.0009,-65.15
2022/3/10 20:28:56,6.08,1147.77,293.426,0.0008,-65.15
2022/3/10 20:31:32,6.08,1149.60,301.005,0.0008,-65.61
2022/3/10 20:34:8,6.09,1151.26,308.272,0.0008,-65.28
2022/3/10 20:36:44,6.09,1153.43,303.543,0.0008,-65.38
2022/3/10 20:39:20,6.10,1154.74,306.854,0.0008,-64.97
2022/3/10 20:41:55,6.10,1156.37,320.080,0.0008,-66.04
2022/3/10 20:44:31,6.11,1159.01,324.389,0.0008,-65.01
2022/3/10 20:47:7,6.11,1161.31,323.957,0.0008,-64.92
2022/3/10 20:49:43,6.12,1163.52,329.081,0.0008,-64.66
2022/3/10 20:52:19,6.12,1165.22,330.586,0.0008,-64.57
2022/3/10 20:54:55,6.12,1166.69,345.630,0.0008,-64.66
2022/3/10 20:57:30,6.12,1168.62,341.593,0.0008,-65.10
2022/3/10 21:0:6,6.13,1171.11,343.711,0.0008,-64.79
2022/3/10 21:2:42,6.12,1172.70,339.474,0.0008,-64.88
2022/3/10 21:5:18,6.12,1174.72,337.440,0.0008,-65.15
2022/3/10 21:7:54,6.12,1177.12,350.726,0.0008,-64.70
2022/3/10 21:10:29,6.12,1179.20,356.165,0.0008,-64.74
2022/3/10 21:13:5,6.12,1181.61,358.661,0.0008,-65.28
2022/3/10 21:15:41,6.11,1183.35,368.321,0.0008,-64.70
2022/3/10 21:18:17,6.11,1184.44,383.971,0.0008,-64.70
2022/3/10 21:20:53,6.10,1187.09,383.670,0.0008,-64.57
2022/3/10 21:23:29,6.10,1189.47,385.961,0.0008,-64.48
2022/3/10 21:26:5,6.09,1190.96,391.460,0.0008,-65.06
2022/3/10 21:28:41,6.08,1192.57,405.205,0.0008,-65.06
2022/3/10 21:31:17,6.08,1194.23,410.596,0.0008,-64.57
2022/3/10 21:33:52,6.08,1196.53,416.133,0.0008,-64.79
2022/3/10 21:36:28,6.07,1199.46,414.864,0.0008,-64.44
2022/3/10 21:39:4,6.06,1201.05,405.735,0.0008,-64.66
2022/3/10 21:41:40,6.06,1201.66,413.429,0.0008,-64.44
2022/3/10 21:44:16,6.05,1203.57,403.719,0.0008,-65.06
2022/3/10 21:46:52,6.05,1205.79,402.559,0.0008,-64.40
2022/3/10 21:49:27,6.04,1207.54,410.909,0.0008,-64.53
2022/3/10 21:52:3,6.04,1209.02,411.885,0.0007,-64.14
2022/3/10 21:54:39,6.03,1210.56,408.908,0.0007,-64.70
2022/3/10 21:57:15,6.03,1212.83,407.910,0.0007,-65.06
2022/3/10 21:59:50,6.02,1215.52,406.789,0.0007,-64.48
2022/3/10 22:2:26,6.02,1216.47,406.531,0.0007,-64.40
2022/3/10 22:5:2,6.02,1217.39,404.236,0.0007,-64.06
2022/3/10 22:7:38,6.01,1219.36,400.397,0.0007,-64.35
2022/3/10 22:10:14,6.01,1221.08,412.682,0.0007,-64.14
2022/3/10 22:12:49,6.01,1222.97,414.049,0.0007,-64.35
2022/3/10 22:15:25,6.00,1224.48,419.030,0.0007,-64.61
2022/3/10 22:18:1,6.00,1226.09,417.507,0.0007,-64.40
2022/3/10 22:20:37,6.00,1227.87,415.641,0.0007,-64.57
2022/3/10 22:23:13,5.99,1229.20,409.194,0.0007,-64.35
2022/3/10 22:25:48,5.99,1230.63,411.970,0.0007,-64.31
2022/3/10 22:28:24,5.99,1232.52,410.864,0.0007,-64.40
2022/3/10 22:31:0,5.99,1234.27,411.917,0.0007,-64.57
2022/3/10 22:33:36,5.99,1235.87,412.189,0.0007,-64.66
2022/3/10 22:36:12,5.99,1237.39,414.767,0.0007,-64.14
2022/3/10 22:38:48,5.99,1239.05,415.134,0.0007,-64.57
2022/3/10 22:41:23,5.98,1240.17,420.599,0.0007,-63.85
2022/3/10 22:43:59,5.99,1241.01,420.068,0.0007,-64.66
2022/3/10 22:46:35,5.98,1242.54,419.190,0.0007,-63.89
2022/3/10 22:49:11,5.99,1244.19,421.665,0.0007,-64.10
2022/3/10 22:51:47,5.98,1245.14,429.083,0.0007,-64.31
2022/3/10 22:54:22,5.98,1245.79,414.691,0.0007,-63.81
2022/3/10 22:56:58,5.98,1247.17,395.897,0.0007,-64.31
2022/3/10 22:59:34,5.98,1249.07,392.950,0.0007,-64.06
2022/3/10 23:2:10,5.98,1250.89,390.105,0.0007,-63.60
2022/3/10 23:4:46,5.98,1251.76,407.010,0.0007,-64.06
2022/3/10 23:7:21,5.98,1252.33,405.249,0.0007,-63.85
2022/3/10 23:9:57,5.98,1252.93,408.583,0.0007,-64.66
2022/3/10 23:12:33,5.98,1254.12,416.204,0.0007,-64.23
2022/3/10 23:15:9,5.98,1255.88,418.011,0.0007,-63.93
2022/3/10 23:17:45,5.98,1256.84,421.573,0.0007,-64.14
2022/3/10 23:20:20,5.99,1257.89,418.941,0.0007,-63.68
2022/3/10 23:22:56,5.98,1258.81,421.747,0.0007,-63.97
2022/3/10 23:25:32,5.99,1259.99,424.226,0.0007,-64.10
2022/3/10 23:28:8,5.99,1260.97,427.348,0.0007,-63.60
2022/3/10 23:30:44,5.99,1261.41,428.626,0.0007,-63.97
2022/3/10 23:33:20,5.99,1261.86,428.187,0.0007,-63.56
2022/3/10 23:35:55,6.00,1262.14,432.922,0.0007,-63.52
2022/3/10 23:38:31,6.00,1263.02,419.707,0.0007,-64.01
2022/3/10 23:41:7,6.00,1263.98,417.738,0.0007,-63.85
2022/3/10 23:43:43,6.01,1264.84,417.006,0.0007,-63.85
2022/3/10 23:46:19,6.01,1265.17,416.287,0.0007,-63.52
2022/3/10 23:48:54,6.02,1265.41,414.837,0.0007,-63.93
2022/3/10 23:51:30,6.03,1266.34,420.949,0.0007,-64.06
2022/3/10 23:54:6,6.03,1267.18,418.356,0.0008,-63.56
2022/3/10 23:56:42,6.04,1267.52,419.647,0.0007,-63.28
2022/3/10 23:59:18,6.05,1267.51,418.638,0.0008,-63.52
2022/3/11 0:1:53,6.06,1267.26,412.438,0.0008,-64.40
2022/3/11 0:4:29,6.07,1268.12,403.943,0.0008,-63.44
2022/3/11 0:7:5,6.08,1269.54,402.636,0.0008,-63.64
2022/3/11 0:9:41,6.08,1269.57,404.813,0.0008,-63.48
2022/3/11 0:12:17,6.09,1269.94,401.757,0.0008,-63.68
2022/3/11 0:14:53,6.10,1270.95,400.379,0.0008,-63.81
2022/3/11 0:17:28,6.09,1271.67,405.266,0.0008,-63.93
2022/3/11 0:20:4,6.10,1272.08,403.714,0.0008,-64.01
2022/3/11 0:22:40,6.11,1272.25,403.223,0.0008,-63.64
2022/3/11 0:25:16,6.11,1271.77,404.702,0.0008,-63.40
2022/3/11 0:27:52,6.11,1272.87,413.829,0.0008,-63.52
2022/3/11 0:30:28,6.11,1274.00,411.598,0.0008,-63.85
2022/3/11 0:33:3,6.13,1274.18,416.238,0.0008,-63.64
2022/3/11 0:35:39,6.12,1275.55,407.744,0.0008,-63.68
2022/3/11 0:38:15,6.12,1275.58,404.862,0.0008,-63.81
2022/3/11 0:40:51,6.12,1275.36,416.114,0.0008,-64.01
2022/3/11 0:43:27,6.12,1275.07,421.970,0.0008,-63.52
2022/3/11 0:46:2,6.13,1274.36,422.140,0.0008,-63.40
2022/3/11 0:48:38,6.12,1274.36,426.040,0.0008,-63.68
2022/3/11 0:51:14,6.12,1275.28,426.376,0.0008,-63.68
2022/3/11 0:53:50,6.12,1275.53,432.542,0.0008,-63.81
2022/3/11 0:56:26,6.12,1275.27,432.847,0.0008,-63.52
2022/3/11 0:59:2,6.12,1275.43,436.883,0.0008,-63.24
2022/3/11 1:1:37,6.12,1275.01,431.969,0.0008,-63.97
2022/3/11 1:4:13,6.12,1275.12,364.859,0.0009,-64.14
2022/3/11 1:6:49,6.12,1275.55,389.922,0.0009,-63.89
2022/3/11 1:9:25,6.13,1275.75,410.090,0.0008,-63.52
2022/3/11 1:12:1,6.12,1276.31,422.025,0.0008,-63.93
2022/3/11 1:14:36,6.13,1275.51,429.332,0.0008,-63.64
2022/3/11 1:17:12,6.13,1275.64,423.969,0.0008,-64.01
2022/3/11 1:19:48,6.13,1274.65,428.311,0.0008,-64.06
2022/3/11 1:22:23,6.14,1274.73,428.532,0.0008,-63.56
2022/3/11 1:24:59,6.14,1274.14,431.101,0.0008,-64.06
2022/3/11 1:27:35,6.14,1274.91,435.704,0.0008,-63.56
2022/3/11 1:30:11,6.14,1275.26,437.264,0.0008,-64.18
2022/3/11 1:32:46,6.15,1274.94,440.224,0.0008,-63.77
2022/3/11 1:35:22,6.15,1275.12,443.010,0.0008,-63.64
2022/3/11 1:37:58,6.15,1274.72,444.478,0.0008,-63.32
2022/3/11 1:40:34,6.16,1275.00,444.511,0.0008,-64.18
2022/3/11 1:43:10,6.16,1274.87,445.295,0.0008,-63.48
2022/3/11 1:45:45,6.17,1274.67,446.292,0.0008,-63.72
2022/3/11 1:48:21,6.18,1273.93,450.646,0.0008,-63.85
2022/3/11 1:50:57,6.18,1273.77,447.552,0.0008,-64.01
2022/3/11 1:53:33,6.19,1273.52,460.727,0.0008,-64.06
2022/3/11 1:56:9,6.20,1272.88,461.403,0.0008,-64.35
2022/3/11 1:58:45,6.20,1272.67,459.935,0.0008,-63.08
2022/3/11 2:1:20,6.21,1272.54,462.486,0.0008,-64.27
2022/3/11 2:3:56,6.21,1272.52,466.030,0.0008,-64.06
2022/3/11 2:6:32,6.23,1272.47,461.022,0.0008,-64.23
2022/3/11 2:9:8,6.23,1271.53,460.079,0.0008,-64.06
2022/3/11 2:11:44,6.23,1271.12,458.289,0.0008,-63.40
2022/3/11 2:14:19,6.25,1270.72,459.724,0.0008,-64.14
2022/3/11 2:16:55,6.25,1270.68,456.122,0.0008,-64.40
2022/3/11 2:19:26,6.27,1270.46,454.376,0.0008,-63.89
2022/3/11 2:22:2,6.28,1269.93,448.475,0.0008,-64.66
2022/3/11 2:24:37,6.28,1269.18,447.722,0.0008,-63.81
2022/3/11 2:27:13,6.30,1268.62,439.084,0.0008,-64.18
2022/3/11 2:29:49,6.31,1268.61,428.081,0.0008,-63.85
2022/3/11 2:32:25,6.32,1268.38,428.122,0.0008,-64.10
2022/3/11 2:35:1,6.32,1267.97,430.293,0.0008,-64.83
2022/3/11 2:37:36,6.35,1267.33,422.849,0.0008,-64.06
2022/3/11 2:40:12,6.35,1266.62,418.353,0.0008,-64.14
2022/3/11 2:42:48,6.36,1266.65,418.936,0.0008,-64.14
2022/3/11 2:45:24,6.37,1266.58,416.652,0.0008,-64.14
2022/3/11 2:48:0,6.38,1265.64,414.304,0.0008,-64.14
2022/3/11 2:50:36,6.40,1264.84,409.211,0.0008,-64.66
2022/3/11 2:53:11,6.40,1264.32,413.015,0.0008,-64.10
2022/3/11 2:55:47,6.41,1264.27,412.433,0.0008,-64.18
2022/3/11 2:58:23,6.42,1263.59,414.659,0.0008,-64.57
2022/3/11 3:0:59,6.43,1262.45,410.231,0.0008,-64.23
2022/3/11 3:3:35,6.43,1262.34,418.525,0.0008,-63.89
2022/3/11 3:6:10,6.44,1262.82,417.299,0.0008,-64.44
2022/3/11 3:8:46,6.44,1262.27,417.277,0.0008,-64.18
2022/3/11 3:11:22,6.44,1261.44,419.175,0.0008,-63.89
2022/3/11 3:13:58,6.45,1260.48,416.539,0.0008,-64.61
2022/3/11 3:16:34,6.46,1260.04,422.242,0.0008,-63.97
2022/3/11 3:19:9,6.46,1259.75,422.921,0.0008,-64.01
2022/3/11 3:21:45,6.46,1258.79,421.786,0.0008,-64.48
2022/3/11 3:24:21,6.47,1257.71,428.007,0.0008,-64.66
2022/3/11 3:26:57,6.47,1256.99,427.710,0.0008,-63.89
2022/3/11 3:29:33,6.47,1256.64,430.773,0.0008,-64.35
2022/3/11 3:32:9,6.47,1256.05,424.802,0.0008,-64.14
2022/3/11 3:34:44,6.48,1256.13,428.901,0.0008,-63.81
2022/3/11 3:37:20,6.49,1255.40,436.871,0.0008,-64.83
2022/3/11 3:39:56,6.49,1254.33,435.281,0.0008,-64.53
2022/3/11 3:42:32,6.49,1253.76,441.339,0.0008,-64.53
2022/3/11 3:45:8,6.50,1252.83,441.076,0.0008,-64.53
2022/3/11 3:47:43,6.51,1252.07,440.446,0.0008,-64.27
2022/3/11 3:50:19,6.51,1251.65,443.377,0.0008,-64.01
2022/3/11 3:52:55,6.52,1251.12,442.470,0.0008,-64.10
2022/3/11 3:55:31,6.52,1251.14,440.904,0.0008,-64.27
2022/3/11 3:58:7,6.53,1250.98,449.201,0.0008,-64.18
2022/3/11 4:0:43,6.54,1249.81,451.843,0.0008,-63.85
2022/3/11 4:3:18,6.54,1248.89,454.253,0.0008,-63.52
2022/3/11 4:5:54,6.54,1247.90,455.245,0.0008,-63.77
2022/3/11 4:8:30,6.55,1247.42,457.512,0.0008,-63.97
2022/3/11 4:11:6,6.56,1247.52,460.012,0.0008,-63.81
2022/3/11 4:13:42,6.57,1246.66,461.750,0.0008,-63.72
2022/3/11 4:16:18,6.57,1244.88,465.743,0.0008,-63.77
2022/3/11 4:18:53,6.58,1244.21,483.929,0.0008,-64.14
2022/3/11 4:21:29,6.59,1243.46,481.266,0.0008,-64.40
2022/3/11 4:24:5,6.60,1243.30,478.471,0.0008,-63.64
2022/3/11 4:26:41,6.61,1242.99,479.142,0.0008,-63.81
2022/3/11 4:29:17,6.61,1242.18,475.282,0.0008,-63.81
2022/3/11 4:31:52,6.63,1241.35,473.950,0.0008,-63.89
2022/3/11 4:34:28,6.63,1241.18,468.665,0.0008,-63.24
2022/3/11 4:37:3,6.65,1240.09,465.017,0.0008,-63.81
2022/3/11 4:39:39,6.65,1239.93,460.194,0.0008,-64.06
2022/3/11 4:42:15,6.66,1240.01,453.037,0.0008,-63.97
2022/3/11 4:44:51,6.67,1238.94,448.085,0.0008,-63.97
2022/3/11 4:47:27,6.69,1237.88,447.994,0.0008,-63.89
2022/3/11 4:50:2,6.69,1237.18,446.282,0.0008,-64.01
2022/3/11 4:52:38,6.70,1236.60,442.730,0.0008,-63.77
2022/3/11 4:55:14,6.71,1236.30,437.656,0.0008,-63.60
2022/3/11 4:57:50,6.72,1235.96,433.668,0.0008,-63.93
2022/3/11 5:0:26,6.73,1235.38,439.088,0.0008,-63.85
2022/3/11 5:3:1,6.73,1235.73,433.422,0.0008,-64.23
2022/3/11 5:5:37,6.74,1235.77,436.818,0.0008,-64.01
2022/3/11 5:8:13,6.74,1235.10,428.566,0.0008,-64.01
2022/3/11 5:10:49,6.75,1234.39,427.865,0.0008,-63.44
2022/3/11 5:13:25,6.75,1233.24,423.510,0.0008,-63.40
2022/3/11 5:16:0,6.76,1233.44,422.660,0.0008,-64.01
2022/3/11 5:18:36,6.76,1233.92,425.007,0.0008,-63.85
2022/3/11 5:21:12,6.76,1233.32,426.211,0.0008,-64.01
2022/3/11 5:23:48,6.76,1232.84,429.838,0.0008,-63.52
2022/3/11 5:26:24,6.77,1232.24,424.376,0.0008,-64.06
2022/3/11 5:28:59,6.77,1231.68,430.393,0.0008,-63.64
2022/3/11 5:31:35,6.77,1231.30,431.201,0.0008,-63.40
2022/3/11 5:34:11,6.78,1230.12,437.096,0.0008,-64.27
2022/3/11 5:36:47,6.78,1229.76,439.048,0.0008,-63.60
2022/3/11 5:39:23,6.79,1229.98,436.992,0.0008,-63.77
2022/3/11 5:41:59,6.78,1230.41,435.849,0.0008,-63.48
2022/3/11 5:44:34,6.78,1230.23,435.092,0.0008,-63.28
2022/3/11 5:47:10,6.79,1229.25,437.889,0.0008,-63.60
2022/3/11 5:49:46,6.79,1228.88,434.316,0.0008,-63.85
2022/3/11 5:52:22,6.79,1228.57,434.983,0.0008,-64.01
2022/3/11 5:54:58,6.80,1228.47,436.958,0.0008,-64.31
2022/3/11 5:57:33,6.80,1229.37,435.491,0.0008,-63.93
2022/3/11 6:0:9,6.80,1228.60,436.916,0.0008,-63.68
2022/3/11 6:2:45,6.80,1228.06,431.758,0.0008,-63.85
2022/3/11 6:5:21,6.81,1228.10,431.316,0.0008,-64.18
2022/3/11 6:7:57,6.81,1227.30,431.416,0.0008,-64.01
2022/3/11 6:10:32,6.81,1227.73,430.531,0.0008,-64.06
2022/3/11 6:13:8,6.81,1227.99,433.178,0.0008,-63.77
2022/3/11 6:15:44,6.82,1227.35,434.507,0.0008,-64.10
2022/3/11 6:18:20,6.83,1227.45,435.878,0.0008,-63.85
2022/3/11 6:20:56,6.83,1227.77,434.247,0.0008,-63.36
2022/3/11 6:23:32,6.83,1227.77,433.884,0.0008,-63.52
2022/3/11 6:26:7,6.83,1227.76,433.425,0.0008,-63.56
2022/3/11 6:28:43,6.83,1226.87,432.334,0.0008,-63.97
2022/3/11 6:31:19,6.84,1225.95,432.933,0.0008,-63.81
2022/3/11 6:33:55,6.84,1226.66,436.069,0.0008,-63.89
2022/3/11 6:36:31,6.84,1227.20,433.579,0.0008,-63.20
2022/3/11 6:39:6,6.85,1227.38,432.433,0.0008,-63.85
2022/3/11 6:41:42,6.86,1227.90,434.372,0.0008,-64.06
2022/3/11 6:44:18,6.86,1227.74,435.655,0.0008,-63.64
2022/3/11 6:46:54,6.87,1226.96,434.436,0.0008,-63.97
2022/3/11 6:49:30,6.86,1227.08,432.803,0.0008,-63.08
2022/3/11 6:52:6,6.87,1228.05,429.285,0.0008,-63.77
2022/3/11 6:54:41,6.87,1229.05,426.353,0.0008,-63.93
2022/3/11 6:57:17,6.88,1229.54,426.370,0.0008,-63.64
2022/3/11 6:59:53,6.89,1228.64,430.168,0.0008,-63.93
2022/3/11 7:2:29,6.89,1228.53,426.966,0.0008,-63.44
2022/3/11 7:5:5,6.89,1228.79,423.794,0.0008,-63.64
2022/3/11 7:7:41,6.91,1227.48,420.090,0.0008,-63.81
2022/3/11 7:10:16,6.91,1227.54,416.894,0.0008,-63.64
2022/3/11 7:12:52,6.91,1228.50,415.416,0.0008,-63.40
2022/3/11 7:15:29,6.90,1229.15,416.496,0.0008,-63.60
2022/3/11 7:18:4,6.91,1229.24,431.560,0.0008,-63.44
2022/3/11 7:20:40,6.91,1227.17,430.702,0.0008,-63.77
2022/3/11 7:23:16,6.92,1226.07,421.828,0.0008,-62.97
2022/3/11 7:25:52,6.92,1227.83,428.851,0.0008,-63.36
2022/3/11 7:28:28,6.92,1228.51,427.827,0.0008,-63.12
2022/3/11 7:31:3,6.92,1229.63,435.760,0.0008,-63.12
2022/3/11 7:33:39,6.92,1229.59,443.181,0.0008,-63.93
2022/3/11 7:36:15,6.92,1228.55,448.313,0.0008,-63.08
2022/3/11 7:38:51,6.92,1228.32,456.065,0.0008,-63.28
2022/3/11 7:41:27,6.93,1228.28,468.319,0.0008,-63.40
2022/3/11 7:44:3,6.92,1228.93,469.191,0.0008,-63.40
2022/3/11 7:46:38,6.92,1230.36,471.825,0.0008,-63.08
2022/3/11 7:49:14,6.92,1230.65,474.746,0.0008,-63.56
2022/3/11 7:51:50,6.92,1229.65,474.097,0.0008,-63.56
2022/3/11 7:54:26,6.92,1229.58,469.278,0.0008,-63.40
2022/3/11 7:57:2,6.92,1230.11,467.096,0.0008,-63.52
2022/3/11 7:59:37,6.92,1230.23,474.954,0.0008,-63.77
2022/3/11 8:2:13,6.92,1231.52,474.315,0.0008,-63.60
2022/3/11 8:4:49,6.91,1232.81,477.258,0.0008,-63.81
2022/3/11 8:7:25,6.91,1233.06,477.387,0.0008,-63.85
2022/3/11 8:10:1,6.92,1233.33,477.731,0.0008,-63.40
2022/3/11 8:12:36,6.91,1232.62,485.848,0.0008,-63.04
2022/3/11 8:15:12,6.92,1232.87,489.288,0.0008,-63.28
2022/3/11 8:17:48,6.91,1233.83,489.045,0.0008,-63.68
2022/3/11 8:20:24,6.91,1233.47,557.455,0.0008,-63.08
2022/3/11 8:23:0,6.91,1233.53,554.783,0.0008,-63.04
2022/3/11 8:25:35,6.92,1232.87,567.294,0.0008,-63.28
2022/3/11 8:28:11,6.91,1232.90,564.932,0.0008,-63.52
2022/3/11 8:30:47,6.91,1234.17,565.749,0.0008,-62.81
2022/3/11 8:33:23,6.91,1234.32,565.486,0.0008,-63.40
2022/3/11 8:35:59,6.91,1234.87,566.986,0.0008,-63.28
2022/3/11 8:38:34,6.91,1237.32,565.325,0.0008,-63.20
2022/3/11 8:41:10,6.91,1238.54,569.108,0.0008,-63.08
2022/3/11 8:43:46,6.92,1237.65,575.827,0.0008,-63.60
2022/3/11 8:46:22,6.91,1236.58,579.621,0.0008,-63.48
2022/3/11 8:48:58,6.92,1236.00,575.210,0.0008,-63.12
2022/3/11 8:51:33,6.91,1237.38,574.896,0.0008,-63.64
2022/3/11 8:54:9,6.92,1239.66,580.267,0.0008,-63.04
2022/3/11 8:56:45,6.92,1238.26,578.686,0.0008,-63.20
2022/3/11 8:59:21,6.91,1236.58,582.623,0.0008,-63.64
2022/3/11 9:1:57,6.91,1237.02,579.734,0.0008,-63.08
2022/3/11 9:4:32,6.91,1237.00,582.110,0.0008,-63.04
2022/3/11 9:7:8,6.91,1237.14,575.782,0.0008,-63.52
2022/3/11 9:9:44,6.92,1236.61,571.440,0.0008,-63.24
2022/3/11 9:12:20,6.93,1235.47,575.016,0.0008,-63.20
2022/3/11 9:14:56,6.93,1237.78,563.443,0.0008,-63.48
2022/3/11 9:17:32,6.93,1238.47,563.923,0.0008,-62.85
2022/3/11 9:20:7,6.93,1238.20,567.833,0.0008,-63.52
2022/3/11 9:22:43,6.94,1237.93,564.097,0.0008,-63.97
2022/3/11 9:25:19,6.94,1238.16,563.332,0.0008,-63.48
2022/3/11 9:27:55,6.94,1237.82,560.687,0.0008,-63.08
2022/3/11 9:30:31,6.95,1237.76,566.409,0.0008,-63.56
2022/3/11 9:33:6,6.95,1237.15,560.288,0.0008,-63.44
2022/3/11 9:35:42,6.95,1236.54,550.838,0.0008,-63.16
2022/3/11 9:38:18,6.96,1237.52,526.792,0.0008,-63.08
2022/3/11 9:40:54,6.96,1238.12,516.957,0.0008,-62.85
2022/3/11 9:43:30,6.96,1237.80,521.073,0.0008,-62.73
2022/3/11 9:46:6,6.96,1238.33,519.674,0.0008,-63.32
2022/3/11 9:48:41,6.97,1237.67,521.411,0.0008,-63.00
2022/3/11 9:51:17,6.97,1237.66,526.343,0.0008,-62.81
2022/3/11 9:53:53,6.97,1237.82,525.276,0.0008,-63.12
2022/3/11 9:56:29,6.97,1237.67,526.869,0.0008,-63.16
2022/3/11 9:59:5,6.97,1238.76,528.040,0.0008,-63.12
2022/3/11 10:1:40,6.97,1239.76,532.176,0.0008,-63.36
2022/3/11 10:4:16,6.97,1239.91,535.564,0.0008,-62.62
2022/3/11 10:6:52,6.97,1239.84,535.182,0.0008,-63.08
2022/3/11 10:9:28,6.96,1239.18,536.850,0.0008,-62.81
2022/3/11 10:12:4,6.97,1238.56,541.971,0.0008,-63.08
2022/3/11 10:14:40,6.96,1238.19,535.704,0.0008,-63.56
2022/3/11 10:17:15,6.97,1238.54,535.121,0.0008,-63.24
2022/3/11 10:19:51,6.97,1239.30,532.985,0.0007,-63.04
2022/3/11 10:22:27,6.97,1239.49,535.069,0.0007,-62.93
2022/3/11 10:25:3,6.96,1240.22,547.067,0.0007,-62.85
2022/3/11 10:27:39,6.96,1239.22,540.754,0.0007,-63.04
2022/3/11 10:30:15,6.96,1239.73,540.669,0.0007,-62.62
2022/3/11 10:32:50,6.97,1238.21,537.834,0.0007,-62.97
2022/3/11 10:35:26,6.96,1237.19,534.419,0.0007,-62.89
2022/3/11 10:38:2,6.96,1237.41,533.639,0.0007,-62.89
2022/3/11 10:40:38,6.96,1238.49,533.399,0.0007,-63.52
2022/3/11 10:43:14,6.96,1237.76,543.979,0.0007,-62.85
2022/3/11 10:45:50,6.96,1236.16,534.261,0.0007,-63.44
2022/3/11 10:48:25,6.96,1235.62,533.001,0.0007,-63.08
2022/3/11 10:51:1,6.96,1235.31,536.261,0.0007,-63.04
2022/3/11 10:53:37,6.96,1235.46,530.754,0.0007,-63.28
2022/3/11 10:56:13,6.96,1234.40,527.655,0.0007,-62.77
2022/3/11 10:58:49,6.96,1234.17,527.171,0.0007,-63.64
2022/3/11 11:1:24,6.96,1234.13,518.286,0.0007,-63.20
2022/3/11 11:4:0,6.95,1235.56,519.540,0.0007,-63.16
2022/3/11 11:6:36,6.96,1235.89,520.236,0.0007,-63.28
2022/3/11 11:9:12,6.96,1234.72,527.399,0.0007,-63.08
2022/3/11 11:11:48,6.96,1234.07,517.613,0.0007,-62.97
2022/3/11 11:14:23,6.96,1232.80,517.046,0.0007,-63.24
2022/3/11 11:16:59,6.97,1233.47,516.799,0.0007,-62.73
2022/3/11 11:19:35,6.96,1232.39,515.139,0.0007,-62.58
2022/3/11 11:22:11,6.97,1229.17,510.003,0.0007,-62.97
2022/3/11 11:24:47,6.97,1229.64,515.567,0.0007,-62.89
2022/3/11 11:27:22,6.97,1229.78,513.363,0.0007,-62.89
2022/3/11 11:29:58,6.97,1228.85,514.733,0.0007,-62.36
2022/3/11 11:32:34,6.98,1229.35,519.477,0.0007,-62.32
2022/3/11 11:35:10,6.98,1228.92,511.197,0.0007,-63.04
2022/3/11 11:37:46,6.99,1228.08,507.099,0.0008,-63.04
2022/3/11 11:40:22,6.99,1227.70,508.649,0.0008,-63.04
2022/3/11 11:42:57,7.00,1227.46,503.109,0.0008,-62.58
2022/3/11 11:45:33,7.00,1226.41,497.580,0.0008,-62.89
2022/3/11 11:48:9,7.01,1224.97,498.931,0.0008,-63.16
2022/3/11 11:50:45,7.02,1224.84,494.675,0.0008,-62.39
2022/3/11 11:53:21,7.02,1224.10,486.028,0.0008,-62.81
2022/3/11 11:55:56,7.03,1222.63,481.759,0.0008,-63.00
2022/3/11 11:58:32,7.03,1222.23,480.191,0.0008,-62.73
2022/3/11 12:1:8,7.04,1220.74,469.951,0.0008,-62.89
2022/3/11 12:3:44,7.06,1218.62,475.831,0.0008,-62.47
2022/3/11 12:6:20,7.06,1218.26,477.729,0.0008,-62.73
2022/3/11 12:8:55,7.07,1218.23,477.959,0.0008,-62.89
2022/3/11 12:11:26,7.07,1218.12,479.993,0.0008,-62.89
2022/3/11 12:14:2,7.08,1217.60,478.627,0.0008,-62.66
2022/3/11 12:16:38,7.09,1216.35,478.951,0.0008,-62.97
2022/3/11 12:19:14,7.10,1214.67,484.589,0.0008,-62.73
2022/3/11 12:21:49,7.10,1212.51,487.850,0.0008,-62.17
2022/3/11 12:24:25,7.10,1212.10,491.860,0.0008,-62.62
2022/3/11 12:27:1,7.11,1211.91,496.264,0.0008,-62.77
2022/3/11 12:29:37,7.11,1211.20,510.122,0.0008,-63.36
2022/3/11 12:32:13,7.12,1210.51,503.671,0.0008,-63.04
2022/3/11 12:34:48,7.12,1208.72,501.538,0.0008,-63.00
2022/3/11 12:37:24,7.13,1207.15,501.575,0.0008,-62.54
2022/3/11 12:40:0,7.12,1207.10,506.710,0.0008,-62.58
2022/3/11 12:42:36,7.13,1205.03,511.243,0.0008,-62.36
2022/3/11 12:45:12,7.14,1203.50,525.083,0.0008,-62.70
2022/3/11 12:47:47,7.13,1202.51,521.564,0.0008,-62.70
2022/3/11 12:50:23,7.14,1201.31,540.742,0.0008,-62.93
2022/3/11 12:52:59,7.13,1200.34,545.205,0.0008,-63.08
2022/3/11 12:55:35,7.14,1199.54,526.450,0.0008,-62.81
2022/3/11 12:58:11,7.14,1197.92,531.899,0.0008,-61.99
2022/3/11 13:0:46,7.14,1196.64,538.469,0.0008,-62.85
2022/3/11 13:3:22,7.14,1195.64,541.212,0.0008,-62.54
2022/3/11 13:5:58,7.14,1193.65,538.333,0.0008,-62.14
2022/3/11 13:8:34,7.14,1191.68,546.342,0.0008,-62.58
2022/3/11 13:11:10,7.14,1190.43,550.978,0.0008,-62.70
2022/3/11 13:13:46,7.14,1189.51,563.709,0.0008,-62.28
2022/3/11 13:16:21,7.14,1189.35,571.781,0.0008,-62.81
2022/3/11 13:18:57,7.14,1188.17,578.716,0.0008,-62.70
2022/3/11 13:21:33,7.15,1185.84,582.174,0.0008,-62.81
2022/3/11 13:24:9,7.15,1184.20,595.283,0.0008,-62.73
2022/3/11 13:26:45,7.15,1182.97,598.123,0.0008,-62.17
2022/3/11 13:29:20,7.15,1181.74,608.824,0.0008,-62.58
2022/3/11 13:31:56,7.16,1180.71,604.696,0.0008,-62.58
2022/3/11 13:34:32,7.16,1179.14,600.490,0.0008,-62.58
2022/3/11 13:37:8,7.16,1177.52,604.765,0.0008,-62.85
2022/3/11 13:39:44,7.16,1176.31,606.449,0.0008,-62.17
2022/3/11 13:42:20,7.16,1174.51,612.255,0.0008,-62.70
2022/3/11 13:44:55,7.17,1172.77,608.726,0.0008,-62.93
2022/3/11 13:47:31,7.17,1171.47,601.178,0.0008,-62.25
2022/3/11 13:50:7,7.17,1170.66,599.032,0.0008,-62.81
2022/3/11 13:52:43,7.19,1169.10,596.532,0.0008,-62.66
2022/3/11 13:55:19,7.19,1167.84,589.055,0.0008,-62.43
2022/3/11 13:57:55,7.19,1166.85,590.328,0.0008,-63.00
2022/3/11 14:0:30,7.20,1165.08,590.704,0.0008,-62.54
2022/3/11 14:3:6,7.20,1163.03,574.943,0.0008,-62.70
2022/3/11 14:5:42,7.21,1161.76,579.343,0.0008,-62.58
2022/3/11 14:8:18,7.21,1160.54,578.362,0.0008,-62.21
2022/3/11 14:10:54,7.22,1159.69,555.731,0.0008,-62.39
2022/3/11 14:13:29,7.22,1158.09,553.693,0.0008,-62.36
2022/3/11 14:16:5,7.23,1155.59,547.438,0.0008,-62.62
2022/3/11 14:18:41,7.23,1153.27,549.805,0.0008,-62.97
2022/3/11 14:21:17,7.23,1152.79,544.944,0.0008,-62.89
2022/3/11 14:23:52,7.24,1151.06,542.812,0.0008,-62.47
2022/3/11 14:26:28,7.23,1149.52,544.996,0.0008,-62.47
2022/3/11 14:29:4,7.23,1147.98,541.893,0.0008,-62.21
2022/3/11 14:31:39,7.24,1146.28,541.919,0.0008,-63.00
2022/3/11 14:34:15,7.24,1145.51,539.719,0.0008,-62.36
2022/3/11 14:36:51,7.23,1144.43,547.030,0.0008,-62.58
2022/3/11 14:39:27,7.23,1142.38,549.708,0.0008,-63.04
2022/3/11 14:42:3,7.23,1140.67,553.532,0.0008,-62.51
2022/3/11 14:44:38,7.23,1139.07,556.416,0.0008,-62.89
2022/3/11 14:47:14,7.22,1137.85,577.572,0.0008,-62.66
2022/3/11 14:49:50,7.23,1136.57,574.791,0.0008,-62.58
2022/3/11 14:52:26,7.22,1135.73,583.903,0.0008,-62.39
2022/3/11 14:55:2,7.23,1133.69,580.108,0.0008,-62.47
2022/3/11 14:57:38,7.22,1131.98,577.936,0.0008,-62.36
2022/3/11 15:0:13,7.22,1130.71,589.878,0.0008,-62.66
2022/3/11 15:2:49,7.22,1129.17,584.349,0.0008,-62.32
2022/3/11 15:5:25,7.21,1128.14,585.006,0.0008,-62.54
2022/3/11 15:8:1,7.22,1127.75,586.791,0.0008,-63.04
2022/3/11 15:10:37,7.21,1126.01,588.332,0.0008,-62.85
2022/3/11 15:13:12,7.22,1124.30,608.861,0.0008,-62.36
2022/3/11 15:15:48,7.21,1123.88,625.246,0.0008,-62.21
2022/3/11 15:18:24,7.21,1122.74,625.011,0.0008,-62.36
2022/3/11 15:21:0,7.21,1121.04,636.757,0.0008,-63.00
2022/3/11 15:23:36,7.21,1119.28,633.029,0.0008,-62.58
2022/3/11 15:26:11,7.21,1117.98,643.574,0.0008,-62.93
2022/3/11 15:28:47,7.21,1117.16,636.997,0.0008,-62.39
2022/3/11 15:31:23,7.21,1116.63,639.640,0.0008,-62.66
2022/3/11 15:33:59,7.21,1115.44,630.997,0.0008,-62.32
2022/3/11 15:36:35,7.21,1114.07,633.267,0.0008,-62.58
2022/3/11 15:39:10,7.21,1112.95,631.238,0.0008,-62.77
2022/3/11 15:41:46,7.21,1112.07,628.217,0.0008,-62.47
2022/3/11 15:44:22,7.21,1110.99,627.681,0.0008,-62.85
2022/3/11 15:46:58,7.21,1110.33,627.014,0.0008,-62.77
2022/3/11 15:49:34,7.21,1109.47,623.049,0.0008,-62.39
2022/3/11 15:52:10,7.22,1108.45,616.674,0.0008,-61.56
2022/3/11 15:54:45,7.22,1107.79,609.824,0.0008,-62.14
2022/3/11 15:57:21,7.25,1056.56,599.752,0.0008,-62.32
2022/3/11 15:59:57,7.43,1023.11,4513.609,0.0002,-61.99
2022/3/11 16:2:33,7.57,1022.38,4623.769,0.0002,-61.25
2022/3/11 16:5:9,7.63,1021.77,4350.799,0.0002,-61.25
2022/3/11 16:7:44,7.71,1022.19,4466.828,0.0002,-60.74
2022/3/11 16:10:20,7.78,1022.51,4468.853,0.0002,-60.74
2022/3/11 16:12:56,7.86,1024.84,4391.674,0.0002,-60.67
2022/3/11 16:15:32,7.95,1017.87,4317.245,0.0002,-60.67
2022/3/11 16:18:8,8.04,1013.88,4625.529,0.0002,-60.80
2022/3/11 16:20:44,8.11,1016.09,4393.843,0.0002,-60.91
2022/3/11 16:23:19,8.12,1014.84,4326.298,0.0002,-60.25
2022/3/11 16:25:55,8.14,1014.74,4225.376,0.0002,-60.57
2022/3/11 16:28:31,8.08,1014.56,4498.802,0.0002,-60.34
2022/3/11 16:31:7,7.98,1014.31,4364.260,0.0002,-60.64
2022/3/11 16:33:43,7.93,1014.21,4441.136,0.0002,-60.94
2022/3/11 16:36:18,8.02,1014.20,4434.317,0.0002,-60.61
2022/3/11 16:38:54,8.47,1014.26,4288.962,0.0002,-60.09
2022/3/11 16:41:30,8.75,1014.25,4222.577,0.0002,-59.52
2022/3/11 16:44:6,9.03,1014.28,4185.588,0.0002,-59.31
2022/3/11 16:46:42,9.33,1014.15,4165.582,0.0002,-58.66
2022/3/11 16:49:18,9.55,1014.15,4024.327,0.0002,-58.35
2022/3/11 16:51:53,9.84,1014.96,3956.626,0.0002,-58.15
2022/3/11 16:54:29,10.06,1014.78,3955.596,0.0002,-57.71
2022/3/11 16:57:5,10.30,1014.57,3559.710,0.0002,-57.87